0.440863       2.52197
-0.707855       4.83687
0.915858       0.745563
-0.806282       2.96536
-0.584684       2.02969
-0.142403       5.01104
-0.498969       1.82855
0.260661       4.91828
-0.659835       1.70755
0.0974868       5.40017
-0.97855       2.22556
0.651731       4.09083
-0.688609       3.63463
-0.71946       3.65701
0.380032       2.12005
-0.989735       4.17912
0.337787       0.808063
-0.221076       4.8212
-0.0569729       1.26804
-0.906801       0.781384
-0.683853       1.19909
0.594038       1.85465
-0.860676       5.73505
0.8975       3.47087
0.452776       1.45952
-0.863918       4.96356
-0.77559       4.90049
-0.645625       4.2782
0.62583       4.60339
-0.996337       0.695555
-0.707382       5.16107
0.587242       4.70308
-0.0813975       4.39163
0.834116       4.52729
-0.163542       1.66092
0.253306       1.07508
-0.40781       0.741302
-0.269393       4.35848
-0.693012       1.55728
-0.995057       0.728798
-0.671984       3.89254
0.391143       2.14341
-0.578241       4.62174
-0.524498       4.62581
0.0325083       1.38345
-0.151582       4.58881
-0.0440291       1.54557
0.103992       0.72544
-0.920105       5.41873
0.989032       2.94502
-0.896085       1.30181
-0.476623       1.58123
0.370471       1.50947
-0.763775       3.7947
-0.343313       1.18815
-0.0428903       1.94421
0.803505       0.687021
-0.484233       5.30003
-0.725782       0.511771
-0.840307       5.79491
-0.882856       5.26166
-0.577613       5.38068
0.825698       4.1952
0.649695       4.692
0.0517095       4.67114
-0.262756       1.71679
0.280637       1.33651
-0.990254       2.50209
0.248211       1.95357
0.378951       5.45781
0.640813       1.14642
-0.133176       4.5141
0.744696       2.80438
0.916769       4.40878
-0.751653       6.237
-0.971572       5.29924
0.32763       5.11728
-0.00928707       4.8463
0.298675       4.71812
0.878717       1.886
-0.342921       5.0576
-0.925127       2.60274
-0.589966       2.38143
0.14517       5.15458
-0.585256       4.90891
0.522834       4.68897
0.659175       5.29643
-0.16472       5.27952
-0.454007       4.88585
0.660103       5.51168
0.293503       3.80618
-0.09728       5.01295
-0.981128       5.72937
0.714045       1.6415
0.107857       4.64314
0.723197       3.21076
-0.524225       0.994015
-0.330741       4.05677
0.47265       2.09423
-0.952716       2.2441
0.181697       1.07165
0.334279       4.8237
0.099548       1.80126
0.145848       2.06405
-0.045982       0.940597
0.897419       0.315592
0.562593       3.64248
0.795474       0.55348
0.724123       5.62277
-0.0678878       1.91067
0.280504       4.4172
-0.715105       4.51456
0.0873368       4.51012
-0.945371       5.83471
-0.724178       4.48925
0.126704       4.61442
0.859895       3.73829
-0.0241925       5.26242
0.964975       1.34921
-0.876593       2.22756
-0.904011       0.0284546
0.159984       4.42093
0.51287       1.86118
0.563439       1.08856
0.441461       4.28589
-0.263833       1.2972
0.971162       5.55772
0.467794       1.46627
0.310119       1.74973
-0.668843       5.50325
-0.774532       5.61886
0.815093       2.00824
0.999198       5.48798
-0.64925       2.10303
-0.485041       4.22835
-0.971598       2.39679
0.773801       1.01304
-0.64577       4.70743
0.506777       6.13166
0.990586       1.6328
0.797245       5.3205
0.353177       4.82652
0.292403       4.10265
-0.771611       1.0352
0.676435       5.95069
-0.908903       3.45624
-0.394408       5.07666
-0.80419       0.876235
-0.284345       1.88098
0.986107       2.60786
-0.0881138       2.08737
0.696339       3.59029
0.8231       0.709778
-0.476748       1.02853
-0.448699       5.41051
-0.0937359       4.7308
0.760839       5.05808
0.500055       1.22557
-0.953077       1.97467
-0.710527       3.30775
-0.925053       5.12849
0.0460663       5.12768
-0.613592       1.51567
0.978383       4.08508
-0.99576       4.87911
0.918229       4.64905
0.289892       3.50683
0.939372       5.49247
0.900984       3.94525
0.785048       4.51983
-0.526632       1.69827
0.89484       0.564644
-0.435283       2.14711
-0.6285       4.57026
0.801499       1.28484
-0.213247       5.10913
0.571294       4.41174
0.810408       3.98187
-0.0862043       4.75215
-0.6552       5.53346
-0.16261       3.98401
0.980406       3.42315
-0.620873       1.45257
0.550664       3.92864
0.283231       4.64949
0.510919       2.49629
0.279952       4.6116
-0.782644       2.38414
-0.816703       4.12538
0.230167       4.41301
0.69058       0.82173
0.534394       5.32753
0.383462       1.5987
0.796963       3.65534
-0.688676       3.3583
-0.947122       1.75322
0.810201       1.70824
0.369637       1.01463
0.864822       0.210655
-0.818004       1.63824
0.701987       3.10683
-0.592121       4.29936
0.385194       2.23489
0.976847       1.37265
-0.557857       4.73626
-0.770773       1.27415
0.996502       3.52205
-0.325014       4.09581
0.461546       1.8309
-0.2862       4.45455
-0.959297       3.34255
0.0814221       3.91474
0.449406       1.68966
0.911397       1.33923
0.457243       4.26241
0.960362       3.90764
-0.79503       3.18039
0.664573       4.74026
0.55997       1.08977
0.292886       4.83185
0.876836       0.866089
0.202354       1.16629
-0.403413       5.30751
-0.805678       4.20726
0.709576       5.26914
-0.045505       2.35277
0.26501       1.64368
0.362666       4.58363
0.638531       4.60215
0.136037       4.35528
-0.486884       3.79256
-0.983715       2.48936
-0.387583       4.35678
-0.97816       3.02049
0.805822       4.44591
-0.778558       1.05816
0.667451       4.15682
-0.566427       4.22135
0.293289       0.830131
0.531156       0.952395
-0.87553       4.72097
0.763138       1.56659
-0.952554       5.26131
0.946526       5.02544
0.776425       2.61538
0.944598       3.29627
-0.934709       2.982
-0.379996       2.02081
0.839586       1.03117
0.844188       6.22034
0.949579       3.50332
0.0735221       3.79635
-0.696246       2.26924
0.341999       4.1488
0.356975       4.51415
-0.476927       2.04977
-0.778635       3.97596
0.416572       1.25409
-0.44631       4.2937
0.249105       4.39843
-0.76524       0.889029
-0.0208341       1.36828
-0.681417       4.53358
0.542345       1.70522
0.119799       2.07761
0.199402       4.44379
-0.759789       3.60613
-0.357291       1.98986
0.957967       0.716907
-0.687357       2.66154
0.742339       3.23309
0.69189       3.92521
-0.723098       5.04857
0.9129       5.08361
-0.0531319       5.2845
0.886705       2.46063
0.360189       5.5386
-0.458173       4.7149
-0.831529       4.47362
-0.356071       4.94634
0.93982       5.09397
0.949164       4.80301
-0.801999       0.237771
-0.995668       0.74314
-0.524168       4.62679
-0.727946       0.762838
0.469384       5.52655
-0.843616       3.7796
0.244418       1.12453
-0.350729       4.32
0.159021       1.95491
0.758265       2.7555
-0.792523       2.01296
-0.820463       0.517703
-0.879886       4.95568
0.57101       1.01008
0.38627       0.844732
-0.617891       4.85063
0.941014       5.27901
-0.383054       2.14738
0.228815       5.16745
0.74641       1.07837
0.749897       1.84145
0.446431       4.96906
0.952031       1.08416
0.0519298       4.44188
-0.194715       1.71885
0.680945       4.81758
0.390922       5.32875
0.450084       5.13182
0.667275       1.43865
-0.383299       4.88633
-0.586951       4.70499
0.741307       3.25025
-0.109764       4.37741
0.768519       1.94145
0.461425       2.27949
0.736873       4.33492
-0.950672       3.4841
0.606027       4.26073
-0.835193       5.30981
0.244238       2.08559
-0.377301       5.08706
-0.401033       4.13766
0.919947       6.22331
-0.141197       2.01575
-0.816143       2.27681
-0.920501       5.95834
-0.673482       4.07731
0.462877       3.75838
-0.735211       4.117
0.39861       5.38335
0.777505       1.15266
0.589315       5.16091
-0.898103       1.35309
-0.851242       2.21919
-0.687029       5.45757
0.806345       1.26012
-0.0992358       1.60581
-0.438199       4.23217
0.446462       4.22154
-0.893621       3.49196
0.695426       2.53191
-0.693695       5.90702
-0.428292       5.11501
-0.949936       0.901144
-0.919149       4.94877
-0.878626       3.62572
0.834089       2.82136
0.24935       1.90445
-0.806116       2.85029
0.823306       2.20929
-0.581336       4.56821
-0.150986       1.09817
0.992827       0.115564
0.699418       3.91151
-0.559398       1.31492
0.321737       1.00582
-0.195407       1.62435
-0.697385       3.90281
-0.952696       1.37304
0.687242       2.2257
-0.972701       0.776754
0.828803       5.53629
0.169325       4.21452
-0.716404       4.46738
0.385432       4.00683
0.756466       3.51834
0.88434       2.61775
-0.844546       5.9813
-0.383933       4.39458
0.50477       4.10506
0.790273       1.89333
0.908048       4.67572
-0.289069       1.43371
0.198655       5.18084
-0.549492       4.34043
-0.84429       1.36133
-0.264494       1.85843
-0.318172       3.40975
0.793679       4.34697
0.687483       5.08631
0.872765       3.397
-0.917749       1.58303
-0.264558       4.45999
0.936244       0.831771
-0.95977       1.49198
0.342371       0.908998
0.758788       2.69106
0.231839       4.37004
-0.386945       4.46049
-0.974425       4.00379
0.114198       4.90061
-0.0476831       5.37834
-0.932063       3.93789
0.880408       5.10509
-0.889351       0.212532
0.648468       4.67637
-0.553007       2.08988
-0.11772       2.11887
-0.963301       5.08911
-0.868001       1.2249
0.0761791       1.70581
-0.0690935       4.49748
0.624122       1.1017
-0.881533       1.76966
0.394189       1.63019
-0.629962       5.61994
0.798888       4.83106
-0.0738922       2.35779
-0.0965485       2.02522
0.932999       0.888452
-0.627656       1.56019
0.913277       3.08613
-0.450607       5.17477
0.252366       1.86139
-0.784448       1.075
-0.981313       4.71966
0.723707       2.04157
0.656769       4.64039
0.285492       4.40845
0.780399       1.31206
-0.882839       5.66282
-0.393418       5.223
0.888401       0.715388
-0.0946456       5.00509
-0.164466       1.77466
0.930216       5.32442
-0.717848       4.93536
0.808973       1.06377
-0.785598       1.53695
0.071865       5.30769
-0.481734       4.04013
-0.789422       3.979
-0.0442691       5.19128
-0.760404       2.95673
-0.918649       6.16148
0.279415       4.43424
0.991247       3.03966
0.622888       4.52864
-0.99458       4.31662
0.29184       1.84889
-0.0893578       5.44406
0.483693       1.40583
-0.944877       4.93688
0.333187       4.01705
-0.278111       2.04083
-0.821555       3.23419
0.329557       4.34573
0.777416       0.550221
-0.525122       2.69222
-0.697433       5.86044
-0.920592       3.64047
-0.898876       2.84988
-0.203592       1.40195
-0.0867262       2.19014
0.0650783       4.40633
-0.238623       1.8947
0.724318       0.0693444
0.165556       1.4375
0.799892       1.58882
0.0909345       3.85761
-0.453067       3.9459
0.86401       0.0506074
0.5218       1.11299
0.166534       1.37101
-0.945529       1.1805
0.931396       1.22033
-0.893738       4.8887
-0.425977       4.6761
-0.364705       3.86711
0.178354       1.25731
0.463671       1.77408
0.194099       1.6189
-0.968195       0.967473
0.183933       1.42979
-0.485225       0.918359
-0.956912       2.56329
-0.897304       2.37091
-0.95846       1.53787
0.415174       5.30348
0.142624       1.17047
0.153702       1.76149
-0.65949       1.31993
0.261252       0.998188
0.86003       0.491084
0.368043       1.59606
-0.312845       5.24476
0.816717       5.69809
0.702745       5.21528
-0.859944       3.90617
-0.907277       4.06361
-0.907932       1.42803
0.561883       1.74273
0.777857       2.93008
-0.573753       0.780899
-0.874065       2.41358
0.917432       2.21881
0.966742       5.24166
0.0516241       4.80053
-0.909214       3.53499
-0.895984       5.14808
-0.521261       1.62995
0.750398       5.38976
0.830998       2.42221
-0.898229       2.98224
0.906029       2.95388
0.263517       0.460606
-0.349767       4.7412
0.497019       5.07773
-0.185691       1.37049
0.803513       5.37345
0.850831       5.9747
0.948224       4.2503
-0.358661       5.49804
0.984027       0.967625
0.328251       0.890474
0.94343       4.87383
-0.121926       1.85284
-0.564252       3.86935
0.259531       5.08746
-0.74939       4.75147
-0.694775       2.23085
-0.883782       3.45652
-0.9527       5.5038
0.385501       1.80982
0.457095       1.72789
0.70086       1.13415
0.803486       4.95892
-0.392329       4.19084
-0.480724       4.10796
-0.330962       4.22182
-0.453746       4.12053
0.934882       1.2937
0.382026       1.86787
-0.593075       3.93118
-0.376499       4.70745
-0.56055       5.36665
0.824962       4.0282
0.744084       1.962
-0.683541       5.325
0.321659       1.18839
-0.416808       2.3153
-0.624386       1.07677
-0.993809       0.414676
-0.417186       4.35848
-0.289351       4.55209
0.66257       5.74843
-0.816669       2.85703
0.869616       3.62957
0.399915       5.31797
-0.818451       5.56149
0.960189       3.36554
0.263292       4.2368
0.368798       4.80945
0.866298       1.44274
0.841457       3.69521
0.881478       4.92736
-0.134651       5.10671
0.32549       5.39995
0.427029       5.31087
0.0805566       3.94853
0.534445       5.20945
-0.960886       1.92489
-0.436664       1.37628
0.736282       4.3624
-0.0507501       1.44417
0.836621       3.12495
-0.685146       5.35357
0.294927       4.02186
-0.80485       0.284143
-0.159399       1.6216
0.214655       5.08357
0.981564       2.53895
-0.0265081       1.65436
-0.622955       0.823771
0.946562       5.07345
-0.163945       2.32127
-0.724907       4.60966
-0.503187       4.3024
0.339993       1.01771
-0.545017       2.24309
0.128641       4.21325
-0.597327       5.41983
0.916587       2.93566
-0.361496       4.612
-0.161778       1.59727
0.996321       2.0387
-0.728706       2.14774
0.731354       1.25808
-0.711427       5.67573
0.391832       5.40633
-0.0259592       4.35094
-0.696424       0.450207
0.211218       4.0697
-0.252824       4.97275
0.712048       6.15324
0.694965       1.14345
-0.595719       1.04176
-0.141186       4.62881
-0.205108       2.00184
0.421927       4.80847
0.00122301       1.44023
0.941407       3.09097
-0.0592877       4.99645
0.989192       4.13865
-0.684492       4.16524
-0.921095       2.87309
-0.224712       5.40078
-0.694263       1.47739
0.414538       4.53403
0.0247795       0.850871
0.403738       5.0103
-0.123033       4.98143
0.358366       5.06879
-0.580119       5.17586
-0.553473       1.45243
-0.924529       0.897726
-0.271045       1.70841
-0.0832778       1.52149
-0.119496       4.25912
-0.326525       1.22292
-0.860822       5.79376
0.227351       1.70351
0.698049       1.30492
-0.458838       2.4241
-0.0730233       4.71395
-0.658577       4.31521
-0.562452       5.29269
-0.890692       1.0952
0.306339       5.50006
0.0478531       4.92769
-0.533362       4.69533
-0.731139       6.04324
0.965762       0.838619
-0.207218       1.16902
0.536857       5.40801
-0.717519       1.56022
-0.076729       0.930985
0.624384       0.625083
-0.49467       2.09608
-0.827675       5.65856
-0.212659       5.44007
-0.64564       2.31452
0.876468       5.50861
0.351665       4.07521
-0.698302       2.6253
-0.510778       4.72401
0.201166       1.73563
-0.52888       4.70369
0.877573       2.79008
0.949035       5.30995
-0.435228       4.1038
-0.915697       3.31527
0.37965       0.802222
0.03195       4.05966
0.174463       1.0001
0.902315       6.06532
0.864669       4.74097
0.566374       0.518214
-0.163724       4.67168
0.753191       5.48588
0.162352       1.23496
-0.769714       2.6552
0.0453464       1.55337
-0.958715       2.13688
0.675282       3.98245
0.277441       1.55874
0.92833       0.172889
-0.765425       1.42834
-0.946678       5.72431
-0.851797       1.81063
0.792626       5.15358
-0.227191       1.26431
-0.653112       2.28143
-0.980132       4.01899
-0.79914       3.97179
0.845167       4.29028
-0.172063       5.06296
0.412339       5.28395
-0.804816       1.28419
0.0951357       0.954764
-0.588551       5.17412
0.654796       5.37194
0.637296       1.70767
-0.64866       5.69554
-0.151944       1.86817
-0.771925       4.90468
-0.221113       4.43089
-0.569745       1.99151
0.853952       1.66817
-0.907252       1.96243
-0.535235       1.00008
0.982324       2.41018
-0.768221       1.28098
0.952751       0.815022
-0.942328       1.6049
0.984934       0.369763
0.691929       2.03925
-0.398166       1.96294
0.0865126       4.51854
-0.0489724       2.07923
0.693104       2.37901
0.382731       4.32566
0.890793       0.343899
-0.321928       1.4245
0.659071       0.962777
0.598179       0.595557
-0.603072       0.963928
0.576759       1.52152
0.752607       1.70896
-0.911995       1.02115
0.99701       2.41155
0.0776577       4.78546
-0.879109       6.23662
-0.226087       4.94815
0.730191       5.05774
-0.548118       4.23728
0.829687       6.14432
0.85981       3.72221
-0.601069       4.47858
0.0124519       1.72582
-0.95285       5.21263
-0.780875       6.2736
-0.719199       3.79722
-0.540869       4.2725
-0.462314       5.92463
-0.61288       1.67499
-0.94948       5.37226
-0.643685       4.51768
0.478953       1.45968
-0.983276       0.392484
0.362648       2.36948
-0.877458       0.339995
-0.524923       5.19392
-0.592028       4.29885
-0.637291       1.20436
0.618363       1.17837
0.910731       3.83245
-0.85164       3.58659
0.25709       4.44135
-0.961327       0.246392
-0.743958       4.0081
-0.813393       5.68555
0.977939       4.37862
0.898385       2.72411
-0.206409       1.7181
0.965363       2.96807
0.724139       1.10937
0.607192       5.08525
-0.726023       1.94584
-0.786894       3.49851
0.628553       1.59378
0.123155       1.4126
-0.309365       1.60999
0.602561       1.79609
0.526247       4.57493
-0.274606       1.31429
-0.972009       2.85179
-0.080304       4.96158
0.568894       1.72655
0.844462       1.62381
0.599942       1.10676
0.98669       4.31175
0.0641961       3.96347
-0.619841       0.577648
0.713759       4.44213
-0.785284       3.01637
-0.515285       2.36398
0.996662       6.15678
-0.743051       5.26884
-0.557647       4.10847
-0.859256       2.90481
-0.801883       4.45806
-0.941849       2.2385
0.377533       1.73281
0.452874       4.85187
-0.611444       4.09894
-0.622479       4.2463
0.918663       4.47986
-0.949831       0.349439
-0.921271       5.75816
-0.874813       3.1916
0.666519       4.22131
0.89547       2.4049
0.802556       0.121281
-0.135059       4.63659
0.651074       4.34457
-0.263179       1.86077
-0.00207425       1.82978
0.561373       1.296
0.528795       4.85423
0.270005       1.05425
0.502919       1.9642
0.892222       4.6573
-0.217359       4.80495
0.551139       1.45112
-0.293486       4.73592
-0.664419       1.40303
0.233287       0.910143
-0.910858       0.6247
-0.864961       0.848994
0.0251892       1.82675
-0.671614       5.34006
-0.935844       2.63944
0.871641       4.50283
-0.63866       3.81697
0.86059       0.250558
-0.452189       4.24448
-0.9355       2.53525
-0.386136       5.18973
-0.615272       5.51336
-0.708377       3.75422
0.270889       4.69468
-0.76761       4.80613
-0.750885       5.82449
0.398699       5.08482
0.350412       4.64488
-0.250816       4.82708
0.619164       4.53757
-0.839892       2.41007
-0.659329       2.26901
0.44357       4.06933
-0.750603       5.37234
0.504068       5.38713
0.267219       4.89973
-0.669289       4.00179
-0.2245       4.95025
0.464184       1.80553
0.256535       4.36177
0.363953       4.58359
0.789211       0.734158
0.77336       2.23056
0.834652       4.48873
-0.0039462       0.618719
0.883368       2.50508
0.600119       2.46698
-0.836085       2.66352
0.83431       2.11444
-0.0723527       2.03144
-0.169599       4.11218
-0.73398       5.3248
-0.828923       1.59138
-0.983314       5.05978
0.754088       4.21996
0.968971       0.99843
-0.843075       2.85574
-0.942531       0.59753
0.383104       4.64008
-0.33905       4.63482
0.305286       0.710327
-0.621114       4.36714
-0.860343       3.7734
-0.892284       4.31389
-0.0217581       1.275
0.730372       4.36561
0.913564       5.312
0.390067       4.05676
0.822902       0.732304
-0.164611       1.86632
0.862685       0.940773
0.499551       2.25478
-0.131833       4.7801
-0.734319       4.28679
0.952088       5.10518
0.291917       1.74402
0.899266       5.57601
-0.64423       1.36187
-0.533972       5.47279
-0.244696       4.63093
-0.565826       4.40133
0.219394       4.16026
-0.394339       2.01819
0.115009       1.12474
0.867688       0.0620214
0.0276814       4.24969
0.557186       1.94349
0.707806       5.23162
-0.00395973       1.43763
0.827053       2.21528
0.647193       2.12564
0.924902       2.41273
-0.732375       1.86455
0.422731       4.73704
0.505407       0.498576
0.791315       2.09204
-0.82747       0.613515
0.627441       3.64393
0.571827       3.79813
0.801882       4.06783
0.034727       5.20182
0.905525       1.96939
-0.867018       2.43706
-0.541438       1.80866
-0.0575386       4.4577
0.983166       5.40395
-0.882714       3.27427
-0.1055       1.45006
0.326726       5.1343
-0.769452       1.57586
0.445004       2.00372
0.524554       3.9302
-0.352027       0.991957
-0.453886       2.12351
-0.947639       2.13121
-0.28626       4.55683
-0.859164       6.24638
-0.577466       1.25935
0.472781       4.98956
-0.50187       5.5795
-0.830325       1.26846
-0.868317       2.99286
0.0275624       2.22437
-0.521051       5.02183
0.845209       4.81532
-0.18627       4.73405
-0.0620987       1.91492
-0.893178       0.671306
0.19388       4.09588
-0.093864       1.74095
0.090526       4.24618
-0.663773       0.926106
0.852971       1.90516
0.895955       1.97715
0.0924603       4.72158
0.132903       4.3978
0.792322       5.45237
-0.108815       4.80673
0.165566       4.20214
0.324529       0.931994
-0.697649       1.21426
0.502314       0.884837
-0.885882       2.02628
0.234853       5.14779
-0.844458       6.09621
0.878097       2.89985
0.990503       4.19754
0.128154       2.10255
-0.661046       0.305467
-0.496565       2.10403
-0.166281       0.84529
-0.24401       1.57499
-0.745858       0.808041
0.0464553       2.0188
0.902964       0.214544
0.800844       5.84944
0.69768       2.13154
0.281447       4.18817
0.430134       5.26805
0.466541       2.14385
0.782739       5.44317
-0.955099       3.62231
0.0328736       1.70445
0.615534       0.753663
0.0759144       4.14407
-0.931578       0.64369
-0.669912       4.20745
-0.765957       4.67356
-0.901733       5.68397
0.564449       4.65605
0.990553       4.09985
-0.702066       1.00017
-0.454882       1.26797
-0.685326       5.03208
-0.816457       2.81916
0.377738       5.06817
-0.912855       3.27763
-0.483262       2.10591
-0.492678       1.0544
-0.00466989       1.37294
0.757381       4.37763
-0.924143       2.64586
0.542393       1.51999
-0.745087       4.15316
-0.266804       5.41869
-0.840089       4.16888
-0.912781       5.04992
0.125331       4.44993
0.363777       1.5765
-0.661239       1.49329
-0.134608       1.47493
-0.0458043       1.19238
0.516142       5.08893
-0.885198       3.25735
-0.546829       3.05975
0.961416       2.65697
0.30987       4.81007
0.27003       1.2018
-0.0428926       0.92738
-0.89183       4.79216
0.798992       1.33632
0.883673       1.79625
-0.306547       4.64671
0.86917       5.05938
0.491095       1.28082
0.183021       1.8548
0.69087       2.57962
-0.231268       5.03608
0.903166       5.1697
-0.907628       2.38247
0.446268       4.46211
0.928381       1.54993
-0.960534       1.53531
-0.30456       4.24493
0.995607       2.35263
-0.513829       1.49299
0.731644       1.30598
-0.424109       2.39531
0.237278       4.16524
0.980165       4.7413
0.875677       2.07549
0.610381       1.37095
0.46666       1.62605
-0.611229       4.62925
-0.411724       3.87295
0.00481841       1.77174
0.867995       3.57657
-0.0583341       1.3831
-0.0139813       1.38084
0.591827       3.75679
-0.160606       1.75125
0.768781       3.42947
0.281991       2.08711
0.981455       5.13715
0.60489       1.08223
0.865815       3.51609
-0.848278       2.32892
-0.878541       2.24215
-0.769004       3.76891
-0.82188       0.67993
0.14853       2.11944
0.745735       3.53602
-0.559996       3.98194
-0.101044       2.13663
-0.342114       2.32535
-0.947171       4.22984
-0.664792       0.741922
0.757108       4.96026
-0.637553       4.46899
-0.391116       3.96265
-0.207178       4.06473
-0.896184       3.67589
0.726678       1.63149
0.167595       1.83109
-0.485744       3.99854
0.705188       5.48535
0.0424812       4.72443
-0.434262       1.26554
-0.834987       2.13687
-0.519737       5.40908
0.219358       1.40375
0.833387       4.9995
-0.673884       0.593878
-0.959791       1.18423
0.589446       1.83982
-0.936282       4.67843
-0.975279       3.66403
0.908639       0.674379
0.400072       2.1679
-0.481576       5.2624
0.88018       5.63994
-0.795778       4.30845
-0.0407885       4.5096
-0.933298       3.35482
0.906524       5.22605
0.774648       4.07083
-0.95636       1.69981
0.791851       4.67787
0.834345       4.52965
0.868498       5.60014
0.639622       0.726767
0.732272       5.54054
0.42802       4.71049
-0.649555       4.27721
-0.958135       4.24195
0.309394       1.14109
0.727537       1.35929
0.97332       3.48157
-0.303097       1.01849
0.675314       4.11096
-0.967449       2.34921
-0.940352       4.61847
0.704626       2.05714
-0.613721       5.1489
-0.772464       1.35683
-0.354441       1.13597
-0.178387       4.31256
0.318036       3.97818
0.375021       4.72852
-0.149054       1.9182
-0.246657       1.81906
0.528414       1.09456
0.444127       1.63892
0.89607       1.30897
-0.941738       0.193301
-0.606008       4.44719
0.495322       1.84971
-0.81959       5.51852
-0.744286       1.11729
-0.987215       3.05026
-0.271047       1.94637
0.618002       5.37972
0.905411       3.57039
0.6377       4.60044
0.829294       6.17597
-0.602094       5.08502
-0.766844       5.23656
-0.693307       3.88011
0.864507       0.501465
-0.830094       5.8292
0.0506267       2.22806
0.571447       4.15719
-0.108387       0.901629
0.65899       2.3001
-0.964029       2.90741
-0.182773       1.97853
-0.810822       2.14353
-0.818337       0.370217
-0.919847       3.2121
0.702289       0.052457
0.606343       1.2756
-0.829392       1.02291
-0.492199       4.96769
0.950307       3.35259
0.0911977       4.17804
0.763198       4.25213
-0.114649       5.46024
0.945829       1.83186
-0.766961       4.95741
-0.550577       0.95198
-0.957133       5.662
-0.469953       5.18484
-0.628469       0.692417
0.683627       2.56593
-0.449685       4.76663
0.985033       3.72941
0.348696       2.05668
0.637219       0.910283
0.864045       4.29948
0.743169       4.25666
-0.0313047       1.17997
-0.00246583       1.23194
0.18898       2.1931
0.521911       1.03348
-0.444646       0.917663
0.192586       4.50243
0.651698       2.02131
0.890835       5.22083
-0.487031       1.85436
-0.207589       1.84858
0.607978       1.79127
-0.129439       1.66216
-0.715692       4.2195
-0.58181       4.77013
0.224822       1.21876
0.530807       1.8499
-0.944648       5.12234
-0.83446       4.30729
-0.453686       4.07974
0.973078       5.49799
-0.908421       3.62624
0.311916       4.86197
0.781513       1.90886
0.61468       4.18065
-0.412819       1.55429
-0.910085       5.45615
-0.794663       5.36268
0.0838837       3.96018
-0.978372       4.00661
0.0433567       4.95022
-0.498834       1.35748
-0.0509451       2.02857
-0.509865       4.28514
-0.0389247       2.01911
-0.993307       0.116011
0.81703       0.117188
-0.651043       1.7474
-0.48969       4.59592
0.322908       1.36498
-0.795692       3.40913
-0.911332       6.12794
0.69449       2.59827
-0.735595       1.68578
0.165423       1.60374
-0.79321       3.15434
-0.835963       0.822378
-0.444967       1.60233
-0.495363       4.73134
-0.0467826       2.09216
-0.978354       1.31749
0.585496       4.62134
0.850176       5.88594
-0.285101       0.949167
-0.0180202       1.70821
-0.528618       1.95611
-0.311808       1.5163
0.976639       3.58753
-0.925526       5.13907
0.300757       1.13561
0.621917       4.7861
-0.996052       1.17807
0.42629       0.950085
0.0126433       1.75214
0.529824       4.48223
-0.612647       1.92901
0.405748       2.43073
0.645542       1.45557
0.303886       2.44226
-0.264216       4.63306
-0.869969       4.56352
-0.803677       3.65388
0.622691       4.72059
-0.86663       3.34613
0.968453       3.31463
-0.595603       4.97601
-0.0837892       4.39557
-0.744974       5.86685
-0.971585       1.22782
0.131694       1.30612
-0.400174       1.65481
0.509736       4.52977
0.846348       6.03364
0.54847       5.66501
0.910966       4.10606
0.138067       4.11413
0.246775       1.68414
-0.917031       1.45904
-0.887337       1.82376
0.991824       3.46631
0.887997       1.51394
-0.996152       1.76749
0.223445       4.6083
-0.223127       2.139
-0.829288       4.14338
0.798257       5.37127
0.753604       5.88806
0.447692       5.28517
-0.808719       3.51245
0.921184       3.36422
-0.465864       1.61158
-0.859483       6.22729
0.0614553       1.14562
0.488944       1.9928
0.75476       6.16322
0.254113       1.37947
-0.798967       3.49286
0.777999       0.242902
0.196606       1.9637
0.160096       1.73277
-0.000980243       2.21277
-0.774381       5.14603
-0.617042       4.95619
-0.731151       2.26932
-0.862029       3.84182
0.548008       4.09103
-0.850874       0.36659
-0.805547       5.1389
0.765683       0.197958
-0.977933       1.80036
-0.126874       0.914573
-0.589976       5.63012
-0.746594       5.28731
-0.964395       1.9928
0.288228       4.77379
-0.0277611       4.53345
-0.935072       4.41383
0.345106       1.03035
0.899371       1.98133
0.520757       1.59223
0.661311       1.63497
-0.248182       1.58102
-0.975981       5.86009
-0.367684       1.70501
0.327123       2.19408
0.598411       4.57276
0.682455       2.90509
0.268047       2.21044
0.525258       4.69548
-0.537941       3.96142
-0.0880576       1.19228
0.850342       1.21268
0.592927       2.1161
0.0478066       1.23057
0.29309       4.17123
-0.871151       6.16477
-0.807888       1.80457
0.453159       5.19005
-0.295871       4.73473
-0.498719       2.00982
-0.92823       0.145378
-0.206225       4.96471
-0.637641       5.38756
0.701224       3.11617
-0.231619       1.01162
0.857226       1.86535
-0.91749       3.2929
0.976489       3.66504
-0.996745       5.8791
0.346758       2.19219
-0.964363       5.48587
-0.161181       2.31644
-0.692756       5.89299
-0.683248       5.53864
0.77624       5.16662
0.500541       1.6789
0.483084       4.03858
-0.864429       0.40753
0.772595       4.75435
0.977651       5.74945
-0.182421       1.17574
-0.390293       1.90043
0.486847       1.25356
-0.817959       3.50795
-0.681322       1.32099
-0.530754       1.84195
0.868157       4.35328
-0.455464       4.79582
0.882989       0.705231
-0.179596       1.77505
-0.958258       5.44882
0.560251       4.73926
0.659788       1.5429
-0.257823       1.01096
0.774735       0.0643244
-0.677723       1.81979
0.997487       4.52016
-0.0656995       0.882565
-0.562929       4.31488
-0.986385       5.61073
0.78297       4.1187
0.694797       5.32581
-0.784406       4.82156
0.642656       3.69559
0.825073       1.93391
-0.72563       1.86862
0.827706       2.88551
-0.981246       5.11658
0.444199       4.98937
-0.191305       1.11433
-0.386321       2.5955
0.406476       0.999949
0.950057       2.0425
-0.832686       2.98177
-0.0774897       4.18391
0.950557       0.395399
0.918017       0.68851
-0.261747       2.32015
0.708508       0.412914
-0.585137       4.02501
0.803471       1.46935
-0.385357       0.728373
0.925631       5.41408
0.704055       4.78391
-0.997812       5.7331
0.937867       2.02707
0.848727       1.50055
-0.91106       0.690845
-0.577576       4.30305
0.53022       4.89091
-0.535276       4.82561
-0.827214       1.41213
-0.987307       4.33756
0.240809       5.21502
-0.344709       1.59551
0.369775       2.18418
-0.421171       2.16562
-0.718335       3.23778
0.96195       2.991
-0.99756       2.99513
0.534455       2.38717
-0.267202       1.54169
-0.117125       5.00379
-0.339484       4.88434
0.884732       5.71931
-0.0519187       4.98838
-0.163704       1.66175
-0.0993101       1.33597
-0.0937663       1.07685
0.213409       4.12737
-0.969736       2.72604
0.10026       1.85809
0.0104679       4.59754
-0.556458       1.14768
-0.721721       0.584603
0.840479       4.37263
0.941327       0.0250397
0.844824       3.96227
0.585988       0.687013
-0.117188       1.36748
0.823111       5.92345
0.682333       1.03107
0.980816       6.22098
-0.772851       2.14381
-0.661463       2.61739
-0.697806       1.78436
0.522101       2.06431
-0.883937       0.962183
0.345313       4.10874
-0.979332       0.272329
0.893975       3.85465
0.889083       4.54265
-0.498456       1.03333
0.316672       4.23954
0.676336       1.58496
0.594164       1.66093
0.445772       2.19708
-0.469251       4.96592
0.334563       2.09105
-0.049242       1.62995
-0.771908       1.6977
0.0907039       4.14301
0.933798       3.6805
-0.379661       1.00778
0.61557       4.69929
0.134259       1.29183
0.642831       4.89242
-0.145339       1.09506
0.897155       2.95696
0.542815       4.38014
0.382233       5.03217
-0.934858       0.407218
0.538315       5.45272
0.404899       1.36075
-0.378053       4.36785
-0.140567       1.48409
-0.194116       1.43808
0.738884       0.658679
-0.645704       2.56602
0.256991       4.53222
0.992406       3.54183
0.0687553       4.60833
0.371238       0.780012
-0.50851       0.728129
0.215883       1.23901
-0.734078       0.55265
0.869066       5.60582
0.73891       2.66698
-0.845463       0.308054
0.956478       3.65814
-0.99898       4.75672
-0.649099       5.66996
0.998382       1.30562
0.0102007       1.68646
-0.631623       5.15081
0.0138403       4.8285
-0.979946       1.23331
0.947862       4.81359
-0.661437       3.54762
-0.426691       3.99102
-0.609813       0.991739
-0.866567       2.5973
0.380114       4.94062
-0.68974       5.58522
0.317259       4.71214
0.71327       1.2266
0.929177       4.12939
0.719199       2.33831
0.171352       1.35094
0.504396       4.12509
0.623344       2.42605
-0.567208       2.33831
-0.71023       1.51282
-0.294743       1.38279
0.499931       0.796138
-0.851984       5.76432
0.587654       4.51348
0.272888       1.65695
-0.219813       4.9706
-0.735728       3.93386
-0.773244       2.12388
-0.773422       1.4078
0.548317       4.66896
-0.030525       1.86136
-0.884956       1.47442
-0.198041       4.51599
0.0727876       2.11413
0.879422       2.01188
-0.684586       5.68739
-0.0626181       4.01754
0.65089       1.81677
0.461818       5.63934
0.908126       3.82184
-0.68227       5.76672
-0.79801       3.13348
-0.504003       5.36963
-0.38584       1.41564
-0.869546       1.82299
0.488549       0.993629
-0.531478       3.87013
0.615465       1.43804
-0.665127       5.46486
-0.953191       0.0882275
0.25681       2.02162
-0.820459       1.20692
0.924189       3.56504
-0.772742       3.96492
-0.815942       1.71715
-0.545566       2.4704
-0.473893       3.70886
0.83717       3.17614
-0.996095       1.40805
-0.262634       4.05171
-0.426728       4.70412
-0.300273       1.64571
0.93519       0.93162
-0.350438       1.94113
0.954378       4.7635
-0.731107       5.68888
-0.977716       2.97584
-0.725507       1.48841
0.324131       1.71763
0.694846       1.27264
-0.805492       2.37526
0.738646       4.4985
0.428395       5.37463
0.92182       0.540369
-0.818545       1.84897
-0.637212       4.03183
0.87581       3.02643
0.542438       0.645349
0.790872       5.45032
-0.093124       0.801127
-0.7805       1.29531
-0.531316       1.33493
0.405582       2.15092
-0.72706       5.85953
0.966555       1.67919
-0.0836414       1.49916
-0.967515       0.27797
-0.890471       1.01222
-0.916918       5.02584
0.387331       4.6519
-0.914177       4.10514
-0.138099       1.10356
-0.206953       5.00683
0.178404       0.895226
0.759325       4.71032
-0.735462       2.90343
-0.844076       5.17277
-0.707791       5.31282
0.91648       3.72598
-0.1748       5.4924
-0.641387       1.40711
0.689307       2.33482
0.494025       4.56189
0.878702       1.81901
0.772561       0.283464
0.280476       1.15245
0.367207       1.2185
0.913502       5.35553
0.868946       5.47003
0.20579       1.89005
0.843133       0.361861
0.520426       4.82412
-0.005996       3.98778
-0.169124       4.55545
-0.412538       1.52853
0.859789       0.210495
0.00804325       4.56169
0.78461       0.418228
0.551982       4.77062
-0.226826       4.29763
0.754253       5.37288
0.640368       1.26508
-0.918359       2.07501
-0.686084       2.34272
-0.913564       0.889088
0.737375       4.0688
0.338437       4.1704
-0.345684       5.01752
0.258139       2.34326
0.748304       3.72113
0.836156       5.44504
0.22259       1.18455
-0.842011       5.5489
0.776463       4.85103
0.832209       2.37586
-0.173244       4.25379
0.403614       1.69717
-0.902212       6.26565
-0.132074       1.91942
-0.112232       1.82267
0.279454       1.88818
0.829222       1.23701
-0.0814489       2.19268
-0.944978       1.20959
-0.693672       3.62448
0.903207       1.73982
-0.49548       0.958009
-0.310733       4.5679
0.776246       1.86697
-0.0729716       1.22731
-0.676998       4.99635
0.131216       4.9065
0.729804       2.22755
-0.20374       0.998994
-0.116801       4.84297
0.817073       3.81151
0.856144       5.71406
-0.685269       0.919261
0.632138       4.97577
0.608986       5.02008
-0.827292       1.29232
0.251607       2.27596
-0.734432       5.88881
-0.506505       5.54975
-0.51516       2.33798
0.940895       1.8327
0.498701       1.99387
-0.659972       5.05548
-0.695008       4.61651
0.966039       6.09373
-0.727165       4.61549
0.291976       1.08826
-0.837974       3.21456
-0.963171       4.89611
0.776524       2.68707
0.385282       3.6005
0.956455       0.971497
-0.866176       4.79336
0.921895       4.58317
-0.955698       5.97809
0.29764       4.32699
0.195323       1.46664
0.887118       1.28577
-0.151326       4.7582
0.962013       2.44774
0.235806       2.35898
0.84829       0.309357
0.0155157       4.10089
0.98421       1.24868
0.946622       3.39887
0.828992       1.65983
-0.709687       5.08971
-0.954205       4.6401
-0.980622       1.96824
0.135014       4.28956
0.788951       1.44786
0.806018       4.55343
-0.916367       0.667661
-0.828727       2.62062
-0.581756       0.618404
0.8267       4.4537
0.797318       0.81868
-0.169597       0.751444
-0.358377       1.92043
-0.257519       4.72617
-0.678848       3.83243
-0.458709       4.64015
-0.797086       3.94915
-0.108748       1.75487
0.960817       0.872087
0.286299       5.36243
0.2362       1.85252
-0.770805       6.07253
0.962567       4.79562
0.216364       2.0038
0.619404       2.06723
-0.812733       5.2231
-0.707874       4.73045
-0.30498       4.5101
0.939471       5.41324
-0.940868       0.995297
-0.894332       3.15619
-0.244438       5.32569
0.113962       1.58206
0.953487       5.27444
-0.0589523       2.46048
-0.892986       4.90711
0.223187       1.50856
0.852928       2.09166
0.945986       3.17286
0.834037       5.17605
-0.568414       4.23906
-0.73193       0.195682
0.30786       5.22236
-0.574043       5.57881
0.699015       0.648629
-0.984127       1.69331
0.637687       5.53071
-0.817958       4.93546
-0.679042       0.155086
0.480633       1.79591
0.702275       4.73559
0.320715       1.44742
-0.679271       1.25283
0.159526       4.41545
-0.921491       0.863089
0.933155       1.5692
0.951738       4.71432
0.652635       4.49967
-0.49145       1.52822
0.569849       1.35984
-0.88448       2.89167
0.657451       4.12997
0.770933       0.531235
-0.042378       2.1877
0.248344       1.27714
-0.0790475       2.93645
-0.258557       5.19377
-0.738986       5.19616
0.864586       1.53983
0.695742       2.29566
0.199652       2.35948
-0.510891       0.906782
0.673578       4.86731
0.212358       5.06087
0.00537842       4.27502
0.483171       5.34552
-0.19649       4.30238
0.96184       5.7622
-0.959885       5.53064
-0.792221       3.65889
0.775406       4.05556
0.968628       1.53713
-0.358316       4.03592
0.312253       5.12399
-0.839053       5.32492
0.570821       4.05943
-0.645052       0.898552
0.958254       4.14296
0.408471       1.96199
0.368003       5.02218
0.841937       3.81662
0.00558474       5.46544
0.541084       4.85075
0.700927       5.73124
-0.748706       0.62074
0.927045       4.41837
-0.931537       1.81136
0.0178458       1.63043
-0.457481       4.47322
-0.755479       5.46748
0.281573       1.37144
-0.980038       0.460008
-0.169471       4.07138
0.36334       2.41823
0.235023       4.51177
-0.121403       1.46082
0.774231       4.73343
0.23714       5.16081
-0.9975       5.88312
-0.500902       5.0747
0.843993       4.21923
-0.894917       0.826302
0.704183       1.10261
0.990313       1.93164
0.221259       4.04069
0.108016       0.985303
0.919576       5.5563
0.611677       4.39404
-0.251346       2.19141
-0.463455       1.51605
0.911836       3.42449
-0.63384       1.94058
0.510097       4.01322
-0.332602       4.8881
0.827559       5.50314
0.845204       2.84312
0.675833       2.59901
0.34839       1.48411
0.757673       1.78264
-0.929294       5.3155
-0.678272       0.978228
-0.537613       0.93557
0.196663       4.92285
-0.820919       1.32104
0.0251184       5.01603
0.505921       5.3167
0.230339       4.24467
-0.375994       4.8891
0.846201       0.687703
0.479997       0.68877
0.124225       5.54
0.557901       1.48262
-0.778426       5.81841
0.46916       4.32395
-0.330149       4.74154
0.608391       0.242777
0.7935       4.07435
-0.645628       4.03844
0.831774       4.35066
-0.896566       3.93128
-0.377942       1.2484
0.135305       1.65313
-0.743212       3.67023
-0.783942       1.29815
0.974285       5.50165
-0.807202       1.3567
-0.924729       0.688589
-0.491296       4.74954
0.476923       1.45646
-0.840767       1.13726
-0.481796       4.87773
0.354188       2.00279
0.627925       1.58956
0.69483       3.36606
-0.907253       5.08788
-0.897798       2.51695
-0.824725       0.00620593
0.78486       0.616453
0.463579       1.77281
-0.790626       0.0916528
0.474073       4.97645
-0.614883       3.79075
0.426961       2.00259
-0.0602116       4.79366
-0.462467       0.813745
0.013646       5.38552
0.834628       5.67099
0.758007       0.638737
-0.177613       1.60851
0.739741       4.49276
-0.169622       4.79403
0.0413172       4.46547
0.441717       4.96454
-0.333596       5.40368
0.316814       4.88761
-0.124869       5.39498
0.166007       4.65945
-0.246884       4.17441
-0.658884       2.02312
-0.686773       2.15236
0.969448       4.45212
-0.556792       4.83251
0.863203       4.85173
-0.120021       4.94017
0.75787       1.09823
-0.718253       2.44595
-0.0875448       0.85697
0.179235       1.94648
-0.83565       0.198625
-0.777364       2.54812
0.906875       3.62389
-0.58663       2.0678
0.937446       0.399719
-0.349706       0.740964
-0.203679       1.82105
0.585452       5.63918
0.741989       0.617053
-0.6889       2.71176
-0.745717       0.00258375
-0.245961       2.1816
-0.88153       4.70099
0.778603       5.02126
0.848849       0.705334
-0.827223       4.70563
-0.822585       1.1285
-0.482588       4.76143
0.90007       3.98398
0.607967       5.33985
0.757113       2.21671
0.0827065       5.07719
0.763349       2.10034
-0.921325       0.339071
-0.80464       3.50461
0.624798       1.30529
0.960242       6.01424
0.667834       1.10043
-0.699165       5.9786
-0.516112       4.20638
0.658673       1.73993
-0.207251       1.55646
-0.641937       5.58003
0.713666       4.97548
0.417531       1.37336
-0.109744       4.558
0.644814       4.23272
0.549384       0.680763
-0.714548       0.37181
-0.491422       4.74338
0.409274       1.4344
0.410766       1.86394
0.74874       2.91054
0.39632       1.54897
-0.667594       5.28095
0.0566802       1.47754
0.834417       3.15864
-0.645044       2.00807
0.000446815       1.3409
0.572459       5.55744
-0.756485       3.94458
0.392137       1.48042
0.677502       4.2458
0.0987411       4.03198
0.99488       5.88189
0.593022       4.69255
0.271511       4.50385
0.0506113       4.38738
-0.737171       4.91831
-0.852419       4.1949
-0.765028       2.4642
0.802881       5.04832
0.68294       1.94998
-0.330951       4.35232
-0.696501       1.62677
0.537853       1.18696
0.721538       2.56818
0.585842       1.07091
-0.0979238       4.29887
-0.882708       1.30115
0.690798       1.55708
0.743082       1.9359
0.83094       3.2451
0.606601       4.41718
0.88532       5.06018
0.189028       1.44544
0.55383       4.94779
-0.699163       1.31172
0.823229       1.07157
-0.757178       6.11926
0.928761       2.37496
0.79741       5.8569
0.682762       3.4259
-0.491183       0.991462
0.0421507       4.37451
0.434202       4.7121
0.765474       0.338987
0.0855981       1.11185
-0.621099       0.572239
-0.857364       0.565733
-0.4167       2.10504
0.773584       0.364355
0.596425       0.638158
0.516849       0.788853
0.650175       5.04017
0.329628       4.47488
-0.605884       4.77909
-0.651103       0.646324
-0.231443       1.04429
0.566969       1.19795
-0.391233       4.7943
0.803282       5.37935
-0.657266       4.72119
-0.256708       4.72492
0.418216       2.03884
-0.862079       4.00671
-0.0504565       1.30994
0.131567       1.41467
0.643535       5.73411
-0.12534       1.19128
-0.987842       5.41974
-0.410275       2.12637
0.411416       4.87258
-0.888922       5.55739
-0.845511       3.37274
0.087184       2.1813
0.436878       5.56306
-0.58956       0.78844
-0.894371       4.36217
-0.306704       4.26419
0.0628344       5.08083
-0.862209       3.26531
-0.726334       4.62507
-0.531529       2.15258
-0.879048       5.6066
0.742649       1.38344
0.704802       1.80632
0.891728       2.14981
-0.532438       2.54133
0.015243       4.78329
-0.844565       2.93904
0.974999       4.67788
-0.939495       5.2105
-0.684678       2.05002
-0.962654       5.94982
-0.912205       1.27302
-0.4924       4.70541
0.104705       5.03052
-0.163068       4.31855
-0.963473       0.273214
0.032978       1.93625
0.414898       1.38301
-0.80674       3.11665
-0.364309       2.10381
0.266767       0.890305
0.0490552       5.0671
0.0874277       4.92708
-0.0970055       1.90763
-0.69925       4.88945
0.954706       3.15823
0.711997       5.93584
0.125634       4.29161
0.604408       1.95699
0.758634       4.79407
-0.0603684       2.41045
-0.114054       2.06802
-0.527267       2.06324
0.854408       0.331646
-0.571883       4.24288
0.902801       3.14606
-0.241342       1.34362
0.726284       4.04408
-0.260482       4.17652
0.834941       1.36289
-0.726771       0.236546
-0.921999       0.565701
-0.59362       4.97597
-0.417914       5.25519
0.277425       1.68214
0.5241       3.97207
0.807688       4.73277
0.335751       4.67736
0.0738616       1.26453
-0.262618       4.4162
0.433165       1.9869
0.960002       6.06
-0.407993       1.23293
0.105604       3.89985
0.872975       5.95269
-0.907267       0.452246
0.806561       4.27778
0.876541       5.84587
-0.94729       1.57535
-0.616279       5.21648
0.996834       2.08522
-0.747409       4.13664
0.26196       5.51849
0.067985       1.13476
0.593611       1.71964
0.844984       4.47122
0.107582       4.86174
-0.836402       1.81107
-0.903794       3.32412
-0.404957       5.02881
0.665695       0.67448
0.781996       1.25001
-0.662065       3.06937
-0.798915       1.09818
-0.988447       2.89775
0.704541       3.58875
0.776374       4.34793
0.783296       0.0780998
-0.94035       3.90406
-0.0198733       0.848363
0.812112       3.74426
-0.908       0.327821
-0.888994       5.164
-0.218056       1.61501
-0.989269       3.36403
0.240467       5.12159
-0.837055       3.46193
0.740994       2.53172
-0.768941       4.48679
-0.734944       4.90956
0.576261       5.12837
0.457839       2.34619
0.899534       1.97098
0.0244169       1.48504
-0.295426       2.66353
-0.731291       4.02242
-0.644054       4.57344
0.369558       4.58555
0.863576       3.40381
0.172637       2.0194
-0.262317       5.01983
-0.0619077       4.93026
-0.940611       4.0303
-0.845168       1.82056
-0.931177       6.01521
0.386735       4.85001
-0.800741       2.49731
0.230229       4.34475
0.890408       1.57168
0.63147       1.47185
-0.619318       4.05902
-0.337238       1.42145
-0.280924       0.684882
0.125975       4.41041
0.803892       3.30503
-0.645333       3.48808
0.471469       1.87528
-0.785336       1.21667
0.755871       1.945
-0.410513       1.53589
0.132998       4.93849
0.825563       4.39814
-0.967801       1.74031
-0.728997       1.53992
0.938159       4.94926
0.20833       4.55983
0.812243       1.01985
-0.569416       1.24826
0.886415       1.44161
0.617543       0.163124
0.749169       3.97738
0.429417       5.23117
0.758857       3.94529
0.993927       4.49402
-0.84257       2.50656
0.982758       2.99667
0.776519       3.50883
0.706908       3.48114
0.715081       1.00952
-0.736453       5.57418
-0.434233       4.71774
0.535893       1.97816
0.135096       4.23057
0.56854       5.23588
-0.598387       4.21056
0.0185001       4.32994
0.946355       2.2064
0.733764       2.50003
-0.92652       1.68338
0.403574       5.03861
-0.941746       1.01612
0.882705       2.19987
-0.377102       1.9567
-0.219243       1.03453
-0.996866       6.28227
0.580844       1.2311
0.309383       2.0897
-0.0851928       1.80839
-0.992245       1.56461
0.587873       4.85954
-0.05731       5.45746
-0.81179       3.76957
0.316323       5.18202
-0.800648       0.821931
0.301027       4.90518
0.74536       2.57968
-0.793951       5.97317
0.853776       3.33076
-0.0275874       2.3203
0.0983408       5.06954
-0.630509       0.566761
-0.815576       2.98322
0.829106       5.22351
0.51505       1.87631
-0.228483       1.88952
0.669066       2.19417
-0.207816       4.58425
0.967316       1.93139
-0.376539       4.15925
-0.509122       1.42525
0.44025       1.01988
0.616973       2.26288
-0.338279       0.743321
0.932628       2.01457
-0.907074       3.7123
0.0400601       1.37958
-0.735164       3.82094
-0.82915       0.657344
-0.855415       0.384316
-0.16795       1.66147
-0.541565       4.9135
-0.310254       4.55075
-0.373832       1.61004
0.927877       0.288581
-0.22406       1.94604
-0.737301       3.81686
-0.533499       1.09194
0.847282       3.17969
0.0280146       4.78542
-0.421989       4.69095
-0.286193       1.31014
-0.565787       5.35815
-0.236905       1.43443
-0.218546       1.41275
0.894658       2.81333
-0.631584       2.8027
-0.89541       0.879529
-0.802754       1.57567
-0.605582       1.24529
-0.816808       0.665437
0.887933       1.96374
-0.223021       2.32872
-0.255457       1.4
0.534401       1.94724
-0.859896       2.17665
-0.776541       1.33754
-0.815551       2.95829
0.593587       4.45975
0.583651       4.50814
-0.439597       1.5451
-0.724947       1.24352
-0.0601589       1.46818
-0.245206       1.18977
-0.596635       1.68066
-0.683354       1.54658
-0.441812       1.93902
0.646895       1.49138
0.70002       5.03213
-0.910966       5.75117
0.0805527       1.35581
0.264835       2.04206
-0.856722       1.84298
-0.0425877       4.56474
0.472739       4.52517
-0.45909       1.1761
-0.69244       5.5644
-0.0787101       2.18065
0.881459       2.34859
-0.859068       6.10201
0.200478       1.85266
0.750757       2.65168
0.523293       1.57757
-0.777004       4.17415
0.448127       4.83093
0.923321       1.11918
0.893787       4.18477
-0.966989       2.74034
0.879939       0.16573
0.900062       3.26124
-0.632284       2.20053
0.360399       1.54193
-0.937937       3.7135
0.0602439       4.9579
0.982287       3.5583
0.446803       1.31522
0.124471       2.36277
0.344721       3.70068
-0.880336       4.1152
0.787382       1.76834
0.0957861       1.36617
0.62805       1.55464
0.83318       2.79604
-0.337537       0.939718
0.578646       1.55839
-0.627888       4.25809
0.632364       4.09958
0.838298       6.13455
-0.737074       2.18454
0.825466       3.8896
0.53031       5.02922
0.14459       4.8116
-0.898605       0.0717049
0.295027       5.23688
-0.967048       4.74581
0.832295       1.51969
0.486568       1.43396
-0.187063       0.987417
-0.116438       5.21695
-0.235488       4.811
-0.537455       2.17595
-0.682431       5.59987
0.91998       2.74073
0.773987       5.34072
-0.340851       2.21994
-0.666611       1.21079
-0.801816       3.62245
0.804492       5.13707
-0.206533       4.08317
0.247881       1.66811
0.28217       4.02164
0.519527       5.10817
0.976084       1.08539
0.475384       0.529388
-0.951847       1.62542
0.401351       4.39518
-0.879605       2.9513
-0.726827       0.533244
-0.576561       4.12583
-0.582003       0.690211
0.911146       3.46729
-0.108253       2.14835
-0.539237       3.85294
0.859955       1.10905
0.189265       1.574
-0.568425       3.23198
0.753799       2.79036
0.833353       2.38978
0.97806       3.84198
-0.662203       5.13546
-0.000162442       1.25039
0.88808       0.36066
-0.443865       5.08875
0.78075       5.35003
-0.504371       1.58919
-0.0109195       5.0512
-0.53961       1.93945
-0.86909       5.41282
0.18872       4.9105
-0.876089       5.85705
-0.356554       4.41684
-0.219885       4.48751
0.86927       2.41304
0.745084       2.10363
-0.798598       2.19273
0.156431       1.88495
0.112843       4.88881
0.556407       4.58135
-0.375468       3.95617
0.539502       1.27657
-0.572443       0.992982
0.604745       1.66761
-0.762886       4.08029
-0.251151       4.84506
-0.672617       4.90032
0.664537       2.35017
0.600521       1.4528
-0.475588       6.25936
0.302951       5.42742
0.396759       1.84416
-0.926268       3.30748
-0.395147       4.09774
-0.0539842       5.07172
0.619638       1.39075
-0.256939       2.40054
-0.958528       1.40425
-0.479023       2.13758
0.959453       1.68119
0.523671       5.27829
0.879429       3.90319
-0.222101       4.48008
0.819077       1.57522
-0.261012       1.72124
0.47866       4.24853
0.98129       5.26053
0.325035       4.07846
-0.245858       5.51579
0.606241       0.951222
0.693973       0.817182
-0.861648       2.08566
-0.579977       1.34333
-0.474223       4.81797
-0.0643844       1.42861
-0.947493       3.13105
-0.0919289       5.06091
0.173702       4.67406
-0.585431       0.859606
-0.125312       4.39455
0.0842744       4.27367
-0.925468       5.5633
0.628236       4.31466
-0.6898       2.43914
-0.64982       4.0006
0.894877       1.4809
-0.372854       1.79517
0.16926       3.93673
0.101596       1.84964
0.163799       1.43779
-0.880849       3.03754
0.863874       2.70017
-0.392071       1.53388
-0.754657       4.27705
0.802054       1.18289
-0.572529       3.56539
-0.400119       4.05852
0.0424358       2.27098
-0.822386       2.41192
0.322666       2.05364
-0.307449       5.42428
0.968855       5.06844
0.984794       4.69
0.227762       4.92988
-0.622612       0.80635
0.519919       4.43147
-0.839286       1.92677
0.11186       2.49097
0.135098       1.75823
0.29601       5.06201
-0.951879       0.716207
-0.217509       5.33872
-0.70652       3.95062
-0.0293918       4.07688
-0.977756       4.36123
0.535382       1.47554
-0.688157       2.41717
-0.886877       5.50442
0.982542       3.87171
-0.835319       2.02859
0.90253       0.473123
-0.944994       5.47591
0.865938       0.163455
-0.465333       4.44211
-0.804492       1.01572
0.848639       2.25398
0.198491       1.0285
-0.425148       4.38178
-0.684272       5.02934
-0.822242       3.49174
0.716882       2.61759
-0.979899       2.03104
0.291243       4.28922
-0.788567       3.69016
-0.532389       4.85454
0.436218       1.04582
-0.367425       4.86487
0.279527       5.37589
-0.767908       0.855955
-0.733113       5.39429
0.387875       1.0552
0.796927       5.02616
0.0260588       1.52022
0.615718       5.00044
-0.0479117       5.08203
0.0540998       4.9087
-0.319898       4.70742
-0.83209       1.98432
-0.092057       1.49928
-0.537723       0.716004
-0.882047       1.35002
0.740774       3.98228
-0.0584751       1.76378
-0.190416       2.04953
0.765948       3.66842
0.928912       5.04472
-0.163011       5.30695
0.739327       5.17457
-0.580537       4.29783
-0.965378       4.33761
-0.314707       0.852856
0.793       4.14083
0.305854       4.83463
-0.0920853       5.06999
-0.793827       3.20902
0.376366       1.8373
0.70557       3.22586
0.295872       5.31879
-0.0806621       2.10816
-0.633274       0.741384
-0.696934       1.29644
0.805972       2.78458
-0.793905       4.66551
-0.24985       1.53142
-0.401524       1.98667
-0.593103       2.22739
0.284992       4.0949
0.175658       4.68244
0.568947       6.21558
-0.961322       1.95212
-0.72689       1.31507
0.0863119       4.34822
0.659565       5.97624
0.11865       1.5015
-0.751921       5.827
-0.749644       0.203333
0.712841       4.49028
-0.983928       3.62177
-0.790203       4.76773
-0.788108       3.26737
0.199232       5.08021
-0.718962       1.53488
-0.174048       5.41155
-0.642564       0.920676
0.728688       4.08683
0.335597       1.42676
-0.557769       4.0452
-0.657785       5.48325
-0.743276       5.63424
-0.460802       1.261
0.674518       5.39635
0.740442       4.96774
0.431572       4.84148
0.107298       4.50151
0.979116       6.19164
0.71936       4.75648
-0.210188       4.51143
-0.055445       5.40422
0.125398       4.72892
0.605695       4.99268
-0.429191       1.08504
0.253274       1.552
0.293766       4.95964
-0.934131       3.22269
0.100803       4.70506
0.336124       1.69031
-0.989614       0.547041
0.822834       5.95902
0.0702732       2.17698
0.666776       1.24406
0.666594       1.11997
0.840798       3.21406
0.92507       4.05077
-0.0540763       4.8506
0.964774       5.98927
0.561261       4.14394
0.0693704       1.89768
0.748138       6.28296
-0.854828       2.72221
0.803478       0.784116
0.762956       2.83921
-0.748975       1.4483
-0.819542       1.25679
-0.571656       0.570264
-0.131699       4.44789
0.715583       2.34547
0.78233       2.8984
0.766899       2.43124
0.0290691       1.35297
0.166881       5.07249
-0.943089       1.36
0.942777       4.77855
-0.628881       0.654984
0.428587       5.42671
-0.973202       0.158384
-0.435576       4.24812
0.873103       1.48494
0.140817       4.64571
-0.998172       4.21384
-0.0667925       1.81952
-0.245449       1.4773
-0.355175       4.44216
0.205669       4.16103
0.617487       0.615874
-0.508776       5.21594
0.647583       4.50202
-0.414468       5.26049
0.790012       0.562245
0.914836       4.15804
0.640883       1.24614
0.489762       2.11264
-0.706517       3.84315
-0.435827       1.66031
-0.254404       5.30381
-0.386076       1.18769
0.660097       5.97214
0.969179       4.28834
0.767241       5.67341
-0.799151       0.13252
-0.832257       5.53598
-0.458334       2.79642
-0.675134       5.74553
0.288881       1.83855
0.786683       2.21394
0.100525       5.33131
-0.182976       4.82716
-0.739885       5.37079
-0.760108       3.39836
-0.842617       4.84058
-0.2946       1.39581
-0.88084       0.271417
0.94588       5.99
-0.980736       4.8551
0.714465       4.32165
0.341863       5.48257
0.930379       1.69505
-0.698645       5.86387
0.0716352       4.29713
0.703972       3.44523
-0.933422       1.81108
-0.855087       6.12153
-0.556068       4.96066
0.101217       4.15578
-0.761711       2.03141
-0.733355       0.425208
0.723409       3.91991
0.583343       1.99172
-0.582734       1.13325
0.653775       0.890807
-0.264171       4.02225
0.193557       4.91382
0.283336       4.67205
0.717318       5.31957
-0.811732       1.08529
0.673552       5.28176
-0.491732       1.62116
0.659144       3.77836
-0.714489       4.19104
0.16712       4.35496
-0.543661       1.4172
-0.422727       4.33094
-0.835236       3.08157
0.831928       0.223043
0.608691       4.37554
0.226702       3.86832
0.476876       1.2908
0.314237       5.26333
0.714528       5.58901
0.785097       4.92533
0.0520359       5.4298
0.650969       1.68112
-0.843103       2.00909
0.773692       0.118015
-0.284067       4.87074
-0.581538       1.55113
-0.422149       5.32022
-0.301994       0.983824
-0.215126       0.789133
-0.678748       5.14772
0.669573       2.24469
-0.347042       1.54393
0.810482       5.17598
0.147344       1.7295
0.95547       1.34919
0.65851       2.61776
0.754124       3.91551
-0.822345       6.11632
0.787256       1.96092
0.699178       1.4562
0.316063       2.37626
0.422243       1.6669
0.863561       5.39389
0.965644       1.36699
0.43561       4.18247
-0.655007       2.5831
0.947679       5.70094
-0.364171       2.38417
-0.259895       1.16704
-0.725825       5.5143
-0.666459       2.10781
-0.0535878       1.04499
0.607723       4.43771
-0.906243       6.04357
0.18657       4.71146
-0.99142       5.07599
-0.77233       2.12218
0.781322       1.13951
0.653934       2.51842
-0.875273       5.6304
0.755517       3.73433
-0.997893       0.0615424
0.823345       4.62982
0.857433       5.74032
-0.534954       2.50704
-0.680118       2.75538
-0.0672561       1.28407
0.1183       5.82281
-0.0878042       5.45923
-0.388108       4.70962
-0.306621       5.43157
-0.945237       2.65433
-0.954646       1.88011
-0.762451       5.85985
-0.738052       2.47079
0.970966       3.37236
-0.415026       4.74949
0.266884       5.42441
0.560338       5.05524
0.276165       1.65567
0.172153       4.02999
-0.466807       0.793387
-0.488717       2.13027
-0.166056       1.63919
-0.819006       0.606215
-0.509459       5.2302
0.942909       2.46533
-0.695172       5.27436
0.758776       5.13647
0.256995       5.71106
0.877854       1.75951
-0.668034       0.735878
0.942447       3.16456
-0.489675       2.36762
0.954032       6.05524
-0.774374       3.00965
0.593405       1.36335
0.0157698       0.796474
-0.884736       4.80299
0.934445       4.22745
0.678475       4.45472
0.663362       5.68365
-0.0419397       1.83559
0.973129       0.097654
-0.781787       0.40965
-0.488757       4.99396
-0.934279       3.59142
0.856437       4.58504
-0.298797       2.42737
0.486966       4.24914
-0.831915       6.20678
0.210919       4.15562
0.739228       3.89708
0.910841       4.65681
-0.689203       3.34834
0.568613       4.80438
-0.49509       1.52276
-0.989862       2.26565
-0.607974       2.44474
-0.834283       1.76945
0.0809906       1.5254
0.588134       5.54299
0.910212       2.61762
-0.789276       4.97159
-0.506312       0.844357
0.571653       5.64372
0.829387       3.16073
0.985694       1.81387
0.977529       4.43854
-0.938427       3.10902
-0.918678       4.8714
-0.901814       0.24561
0.35228       1.50642
-0.415955       4.9844
-0.808148       0.822433
-0.367501       2.33796
-0.817327       3.97446
-0.992832       4.51774
0.993772       0.821818
0.666439       3.87832
0.982178       1.44855
0.539647       1.84847
-0.792449       5.38553
0.919941       3.63379
0.573553       2.1139
-0.102958       1.3085
-0.745024       4.27568
0.00771941       0.828873
0.663841       4.97113
-0.967476       5.46204
0.324869       5.55027
-0.121092       1.47583
0.520503       0.905467
-0.663436       4.6226
-0.21284       2.04628
0.593024       2.39707
0.110609       5.10449
-0.407398       1.67585
-0.353609       4.78881
-0.142039       4.89297
-0.0726807       4.97351
0.956875       0.0952059
0.287831       1.22745
-0.804596       4.5373
0.0880208       5.44915
0.72165       0.85322
0.444344       4.17829
0.775184       5.23938
-0.97049       1.00752
0.58335       1.48969
-0.994442       1.65367
-0.951388       1.7407
0.201115       5.11293
-0.0555153       1.50191
0.811402       4.07208
0.876304       0.510613
0.540066       5.32887
-0.995071       3.33574
0.781303       3.05015
-0.089306       5.17776
0.838149       0.896723
0.686853       2.07343
0.410808       2.21539
-0.596977       5.20565
0.966864       0.523451
0.937369       4.49185
-0.415483       1.1258
0.719562       1.99162
0.0364367       1.61202
0.903144       1.47774
-0.977182       0.279083
-0.863402       3.87733
0.603357       1.32668
0.852708       4.68391
0.83374       1.41514
-0.864552       4.00628
0.62166       0.750514
-0.381731       1.64915
-0.907306       4.17214
-0.125197       4.8484
0.356888       5.08887
-0.269115       1.75073
0.906782       0.276463
-0.830233       1.13958
0.284934       0.932975
-0.915301       5.95526
-0.0359472       1.81641
0.00328425       4.96042
-0.266651       4.02289
-0.372022       4.56914
0.420294       4.71812
-0.817833       0.125314
0.729219       4.32345
-0.176564       1.68096
0.0270282       1.44344
0.658011       4.80402
-0.783544       4.44447
0.221226       1.02867
-0.370087       4.52543
-0.867405       0.715378
-0.734333       1.34863
0.668377       4.47957
0.904765       3.83873
-0.956662       4.70801
0.899233       0.375415
0.894226       0.602453
0.993403       2.40109
-0.87593       3.82038
0.937449       4.52196
0.914921       1.50549
0.774457       5.0953
-0.496301       2.35442
-0.244881       4.04926
0.97812       0.507564
0.981228       2.71659
-0.674833       1.3456
-0.0591574       2.3367
0.906115       1.99595
0.965502       2.20672
-0.707506       4.49162
0.741186       2.86341
-0.593627       1.9527
0.372321       1.73677
-0.53566       4.72141
-0.482262       4.35535
0.689664       2.18098
0.764704       3.14029
0.890625       1.76535
-0.0770029       2.06063
0.627802       5.54221
-0.263043       1.50759
0.23398       4.06051
0.615902       5.36044
0.0292771       1.90775
0.693074       1.09098
0.262773       1.67839
0.72708       3.68341
0.229518       4.60336
0.431992       0.822986
-0.481159       4.80358
-0.824757       2.17094
0.254201       4.46758
-0.701208       2.144
0.78052       0.0308391
-0.756679       1.07954
-0.622943       1.5644
0.932446       3.20364
0.601181       1.57699
-0.110519       5.08352
-0.579344       1.30184
0.959398       4.14336
-0.598697       1.61285
-0.70201       5.33023
0.940687       2.96132
0.107475       1.44065
-0.109015       5.23243
-0.15548       4.46491
0.983039       3.89857
-0.796296       6.23391
-0.845017       3.67002
-0.852342       6.27363
0.82855       5.29705
-0.106472       1.97382
-0.193115       1.57393
-0.887302       0.461026
-0.829112       5.20311
0.421935       4.63813
-0.937847       2.03937
-0.475798       3.15747
0.10935       4.26448
0.20311       2.07358
0.623132       2.27134
0.975939       2.8858
-0.601339       5.71147
0.611065       4.09471
-0.28613       1.65057
0.00326646       1.34934
-0.48594       5.47395
0.973033       1.43827
0.921089       3.29364
-0.885692       1.05773
0.527956       4.85361
-0.248136       4.21427
0.783071       3.44605
0.933355       2.06404
-0.716835       0.38523
-0.413943       4.37118
0.15034       2.19767
0.592708       5.29583
0.554056       2.33057
0.00164589       1.30337
0.423806       4.12712
0.476159       4.44226
0.158713       6.27275
-0.512561       5.04131
-0.57601       1.14892
-0.934717       0.978621
-0.935405       4.78319
-0.185448       4.56519
-0.103498       1.90511
-0.798944       4.91109
-0.81368       2.75405
0.555859       4.72645
0.605218       5.30211
0.830286       3.4873
-0.448789       1.93079
-0.985558       4.07208
0.785921       3.30123
-0.115276       4.66844
-0.769195       5.57612
-0.637365       4.88908
-0.951273       1.03045
0.98912       0.62383
-0.500016       4.91099
0.261742       2.23034
0.386359       1.4524
-0.131392       1.9592
-0.549472       2.26495
-0.940989       5.57371
0.853534       5.49763
-0.202932       0.833469
0.0135233       4.58067
-0.671185       1.13546
-0.973364       4.69399
-0.264115       4.27211
-0.709951       0.585088
0.542718       2.23884
0.250816       3.99963
-0.0153662       4.71011
-0.58248       1.87866
-0.153318       4.55287
-0.940407       4.94511
0.401688       2.0326
0.26496       0.911831
-0.456342       0.679627
-0.602611       4.65375
0.29366       1.94038
0.695893       1.1075
0.368094       2.2768
-0.146354       4.32838
0.332837       5.62662
0.634026       1.52978
-0.887168       1.52189
0.73735       5.11419
0.73316       5.1118
0.474188       1.76204
0.482097       2.2529
-0.95183       0.0637841
0.453389       4.06125
-0.886851       3.29185
0.848542       5.03366
0.518695       4.4838
-0.5133       1.13629
0.671411       0.684963
0.421937       1.7218
0.0297512       4.37858
0.38119       4.53712
-0.59233       1.36953
0.479895       1.24664
0.661475       1.70138
-0.472622       1.91672
0.613057       5.57737
0.0280508       2.01454
0.678349       5.11869
0.885015       6.14298
0.479022       2.52331
0.950691       2.79709
0.68355       0.548028
0.731192       0.555474
0.399163       1.90635
-0.680884       3.82003
-0.634739       4.38117
-0.950858       4.56879
-0.961094       1.26654
0.322026       4.48188
0.136711       5.52585
-0.710792       1.59818
-0.632651       2.01608
-0.166898       1.69472
0.720286       5.61772
-0.597747       2.47931
-0.946859       5.8606
0.727791       1.16947
0.967581       2.6917
-0.0225577       5.15429
-0.759403       2.5618
0.895907       5.17046
-0.204011       4.54957
0.16526       1.97047
-0.955189       5.66097
0.772434       4.93662
-0.737866       6.25204
0.994366       4.82394
-0.177878       2.06384
0.18005       5.45829
