0.440863       2.52197
-0.707855       4.83687
0.915858       0.745563
-0.806282       2.96536
-0.584684       2.02969
-0.142403       5.01104
-0.498969       1.82855
0.260661       4.91828
-0.659835       1.70755
0.0974868       5.40017
-0.97855       2.22556
0.651731       4.09083
-0.688609       3.63463
-0.71946       3.65701
0.380032       2.12005
-0.989735       4.17912
0.337787       0.808063
-0.221076       4.8212
-0.0569729       1.26804
-0.906801       0.781384
-0.683853       1.19909
0.594038       1.85465
-0.860676       5.73505
0.8975       3.47087
0.452776       1.45952
-0.863918       4.96356
-0.77559       4.90049
-0.645625       4.2782
0.62583       4.60339
-0.996337       0.695555
-0.707382       5.16107
0.587242       4.70308
-0.0813975       4.39163
0.834116       4.52729
-0.163542       1.66092
0.253306       1.07508
-0.40781       0.741302
-0.269393       4.35848
-0.693012       1.55728
-0.995057       0.728798
-0.671984       3.89254
0.391143       2.14341
-0.578241       4.62174
-0.524498       4.62581
0.0325083       1.38345
-0.151582       4.58881
-0.0440291       1.54557
0.103992       0.72544
-0.920105       5.41873
0.989032       2.94502
-0.896085       1.30181
-0.476623       1.58123
0.370471       1.50947
-0.763775       3.7947
-0.343313       1.18815
-0.0428903       1.94421
0.803505       0.687021
-0.484233       5.30003
-0.725782       0.511771
-0.840307       5.79491
-0.882856       5.26166
-0.577613       5.38068
0.825698       4.1952
0.649695       4.692
0.0517095       4.67114
-0.262756       1.71679
0.280637       1.33651
-0.990254       2.50209
0.248211       1.95357
0.378951       5.45781
0.640813       1.14642
-0.133176       4.5141
0.744696       2.80438
0.916769       4.40878
-0.751653       6.237
-0.971572       5.29924
0.32763       5.11728
-0.00928707       4.8463
0.298675       4.71812
0.878717       1.886
-0.342921       5.0576
-0.925127       2.60274
-0.589966       2.38143
0.14517       5.15458
-0.585256       4.90891
0.522834       4.68897
0.659175       5.29643
-0.16472       5.27952
-0.454007       4.88585
0.660103       5.51168
0.293503       3.80618
-0.09728       5.01295
-0.981128       5.72937
0.714045       1.6415
0.107857       4.64314
0.723197       3.21076
-0.524225       0.994015
-0.330741       4.05677
0.47265       2.09423
-0.952716       2.2441
0.181697       1.07165
0.334279       4.8237
0.099548       1.80126
0.145848       2.06405
-0.045982       0.940597
0.897419       0.315592
0.562593       3.64248
0.795474       0.55348
0.724123       5.62277
-0.0678878       1.91067
0.280504       4.4172
-0.715105       4.51456
0.0873368       4.51012
-0.945371       5.83471
-0.724178       4.48925
0.126704       4.61442
0.859895       3.73829
-0.0241925       5.26242
0.964975       1.34921
-0.876593       2.22756
-0.904011       0.0284546
0.159984       4.42093
0.51287       1.86118
0.563439       1.08856
0.441461       4.28589
-0.263833       1.2972
0.971162       5.55772
0.467794       1.46627
0.310119       1.74973
-0.668843       5.50325
-0.774532       5.61886
0.815093       2.00824
0.999198       5.48798
-0.64925       2.10303
-0.485041       4.22835
-0.971598       2.39679
0.773801       1.01304
-0.64577       4.70743
0.506777       6.13166
0.990586       1.6328
0.797245       5.3205
0.353177       4.82652
0.292403       4.10265
-0.771611       1.0352
0.676435       5.95069
-0.908903       3.45624
-0.394408       5.07666
-0.80419       0.876235
-0.284345       1.88098
0.986107       2.60786
-0.0881138       2.08737
0.696339       3.59029
0.8231       0.709778
-0.476748       1.02853
-0.448699       5.41051
-0.0937359       4.7308
0.760839       5.05808
0.500055       1.22557
-0.953077       1.97467
-0.710527       3.30775
-0.925053       5.12849
0.0460663       5.12768
-0.613592       1.51567
0.978383       4.08508
-0.99576       4.87911
0.918229       4.64905
0.289892       3.50683
0.939372       5.49247
0.900984       3.94525
0.785048       4.51983
-0.526632       1.69827
0.89484       0.564644
-0.435283       2.14711
-0.6285       4.57026
0.801499       1.28484
-0.213247       5.10913
0.571294       4.41174
0.810408       3.98187
-0.0862043       4.75215
-0.6552       5.53346
-0.16261       3.98401
0.980406       3.42315
-0.620873       1.45257
0.550664       3.92864
0.283231       4.64949
0.510919       2.49629
0.279952       4.6116
-0.782644       2.38414
-0.816703       4.12538
0.230167       4.41301
0.69058       0.82173
0.534394       5.32753
0.383462       1.5987
0.796963       3.65534
-0.688676       3.3583
-0.947122       1.75322
0.810201       1.70824
0.369637       1.01463
0.864822       0.210655
-0.818004       1.63824
0.701987       3.10683
-0.592121       4.29936
0.385194       2.23489
0.976847       1.37265
-0.557857       4.73626
-0.770773       1.27415
0.996502       3.52205
-0.325014       4.09581
0.461546       1.8309
-0.2862       4.45455
-0.959297       3.34255
0.0814221       3.91474
0.449406       1.68966
0.911397       1.33923
0.457243       4.26241
0.960362       3.90764
-0.79503       3.18039
0.664573       4.74026
0.55997       1.08977
0.292886       4.83185
0.876836       0.866089
0.202354       1.16629
-0.403413       5.30751
-0.805678       4.20726
0.709576       5.26914
-0.045505       2.35277
0.26501       1.64368
0.362666       4.58363
0.638531       4.60215
0.136037       4.35528
-0.486884       3.79256
-0.983715       2.48936
-0.387583       4.35678
-0.97816       3.02049
0.805822       4.44591
-0.778558       1.05816
0.667451       4.15682
-0.566427       4.22135
0.293289       0.830131
0.531156       0.952395
-0.87553       4.72097
0.763138       1.56659
-0.952554       5.26131
0.946526       5.02544
0.776425       2.61538
0.944598       3.29627
-0.934709       2.982
-0.379996       2.02081
0.839586       1.03117
0.844188       6.22034
0.949579       3.50332
0.0735221       3.79635
-0.696246       2.26924
0.341999       4.1488
0.356975       4.51415
-0.476927       2.04977
-0.778635       3.97596
0.416572       1.25409
-0.44631       4.2937
0.249105       4.39843
-0.76524       0.889029
-0.0208341       1.36828
-0.681417       4.53358
0.542345       1.70522
0.119799       2.07761
0.199402       4.44379
-0.759789       3.60613
-0.357291       1.98986
0.957967       0.716907
-0.687357       2.66154
0.742339       3.23309
0.69189       3.92521
-0.723098       5.04857
0.9129       5.08361
-0.0531319       5.2845
0.886705       2.46063
0.360189       5.5386
-0.458173       4.7149
-0.831529       4.47362
-0.356071       4.94634
0.93982       5.09397
0.949164       4.80301
-0.801999       0.237771
-0.995668       0.74314
-0.524168       4.62679
-0.727946       0.762838
0.469384       5.52655
-0.843616       3.7796
0.244418       1.12453
-0.350729       4.32
0.159021       1.95491
0.758265       2.7555
-0.792523       2.01296
-0.820463       0.517703
-0.879886       4.95568
0.57101       1.01008
0.38627       0.844732
-0.617891       4.85063
0.941014       5.27901
-0.383054       2.14738
0.228815       5.16745
0.74641       1.07837
0.749897       1.84145
0.446431       4.96906
0.952031       1.08416
0.0519298       4.44188
-0.194715       1.71885
0.680945       4.81758
0.390922       5.32875
0.450084       5.13182
0.667275       1.43865
-0.383299       4.88633
-0.586951       4.70499
0.741307       3.25025
-0.109764       4.37741
0.768519       1.94145
0.461425       2.27949
0.736873       4.33492
-0.950672       3.4841
0.606027       4.26073
-0.835193       5.30981
0.244238       2.08559
-0.377301       5.08706
-0.401033       4.13766
0.919947       6.22331
-0.141197       2.01575
-0.816143       2.27681
-0.920501       5.95834
-0.673482       4.07731
0.462877       3.75838
-0.735211       4.117
0.39861       5.38335
0.777505       1.15266
0.589315       5.16091
-0.898103       1.35309
-0.851242       2.21919
-0.687029       5.45757
0.806345       1.26012
-0.0992358       1.60581
-0.438199       4.23217
0.446462       4.22154
-0.893621       3.49196
0.695426       2.53191
-0.693695       5.90702
-0.428292       5.11501
-0.949936       0.901144
-0.919149       4.94877
-0.878626       3.62572
0.834089       2.82136
0.24935       1.90445
-0.806116       2.85029
0.823306       2.20929
-0.581336       4.56821
-0.150986       1.09817
0.992827       0.115564
0.699418       3.91151
-0.559398       1.31492
0.321737       1.00582
-0.195407       1.62435
-0.697385       3.90281
-0.952696       1.37304
0.687242       2.2257
-0.972701       0.776754
0.828803       5.53629
0.169325       4.21452
-0.716404       4.46738
0.385432       4.00683
0.756466       3.51834
0.88434       2.61775
-0.844546       5.9813
-0.383933       4.39458
0.50477       4.10506
0.790273       1.89333
0.908048       4.67572
-0.289069       1.43371
0.198655       5.18084
-0.549492       4.34043
-0.84429       1.36133
-0.264494       1.85843
-0.318172       3.40975
0.793679       4.34697
0.687483       5.08631
0.872765       3.397
-0.917749       1.58303
-0.264558       4.45999
0.936244       0.831771
-0.95977       1.49198
0.342371       0.908998
0.758788       2.69106
0.231839       4.37004
-0.386945       4.46049
-0.974425       4.00379
0.114198       4.90061
-0.0476831       5.37834
-0.932063       3.93789
0.880408       5.10509
-0.889351       0.212532
0.648468       4.67637
-0.553007       2.08988
-0.11772       2.11887
-0.963301       5.08911
-0.868001       1.2249
0.0761791       1.70581
-0.0690935       4.49748
0.624122       1.1017
-0.881533       1.76966
0.394189       1.63019
-0.629962       5.61994
0.798888       4.83106
-0.0738922       2.35779
-0.0965485       2.02522
0.932999       0.888452
-0.627656       1.56019
0.913277       3.08613
-0.450607       5.17477
0.252366       1.86139
-0.784448       1.075
-0.981313       4.71966
0.723707       2.04157
0.656769       4.64039
0.285492       4.40845
0.780399       1.31206
-0.882839       5.66282
-0.393418       5.223
0.888401       0.715388
-0.0946456       5.00509
-0.164466       1.77466
0.930216       5.32442
-0.717848       4.93536
0.808973       1.06377
-0.785598       1.53695
0.071865       5.30769
-0.481734       4.04013
-0.789422       3.979
-0.0442691       5.19128
-0.760404       2.95673
-0.918649       6.16148
0.279415       4.43424
0.991247       3.03966
0.622888       4.52864
-0.99458       4.31662
0.29184       1.84889
-0.0893578       5.44406
0.483693       1.40583
-0.944877       4.93688
0.333187       4.01705
-0.278111       2.04083
-0.821555       3.23419
0.329557       4.34573
0.777416       0.550221
-0.525122       2.69222
-0.697433       5.86044
-0.920592       3.64047
-0.898876       2.84988
-0.203592       1.40195
-0.0867262       2.19014
0.0650783       4.40633
-0.238623       1.8947
0.724318       0.0693444
0.165556       1.4375
0.799892       1.58882
0.0909345       3.85761
-0.453067       3.9459
0.86401       0.0506074
0.5218       1.11299
0.166534       1.37101
-0.945529       1.1805
0.931396       1.22033
-0.893738       4.8887
-0.425977       4.6761
-0.364705       3.86711
0.178354       1.25731
0.463671       1.77408
0.194099       1.6189
-0.968195       0.967473
0.183933       1.42979
-0.485225       0.918359
-0.956912       2.56329
-0.897304       2.37091
-0.95846       1.53787
0.415174       5.30348
0.142624       1.17047
0.153702       1.76149
-0.65949       1.31993
0.261252       0.998188
0.86003       0.491084
0.368043       1.59606
-0.312845       5.24476
0.816717       5.69809
0.702745       5.21528
-0.859944       3.90617
-0.907277       4.06361
-0.907932       1.42803
0.561883       1.74273
0.777857       2.93008
-0.573753       0.780899
-0.874065       2.41358
0.917432       2.21881
0.966742       5.24166
0.0516241       4.80053
-0.909214       3.53499
-0.895984       5.14808
-0.521261       1.62995
0.750398       5.38976
0.830998       2.42221
-0.898229       2.98224
0.906029       2.95388
0.263517       0.460606
-0.349767       4.7412
0.497019       5.07773
-0.185691       1.37049
0.803513       5.37345
0.850831       5.9747
0.948224       4.2503
-0.358661       5.49804
0.984027       0.967625
0.328251       0.890474
0.94343       4.87383
-0.121926       1.85284
-0.564252       3.86935
0.259531       5.08746
-0.74939       4.75147
-0.694775       2.23085
-0.883782       3.45652
-0.9527       5.5038
0.385501       1.80982
0.457095       1.72789
0.70086       1.13415
0.803486       4.95892
-0.392329       4.19084
-0.480724       4.10796
-0.330962       4.22182
-0.453746       4.12053
0.934882       1.2937
0.382026       1.86787
-0.593075       3.93118
-0.376499       4.70745
-0.56055       5.36665
0.824962       4.0282
0.744084       1.962
-0.683541       5.325
0.321659       1.18839
-0.416808       2.3153
-0.624386       1.07677
-0.993809       0.414676
-0.417186       4.35848
-0.289351       4.55209
0.66257       5.74843
-0.816669       2.85703
0.869616       3.62957
0.399915       5.31797
-0.818451       5.56149
0.960189       3.36554
0.263292       4.2368
0.368798       4.80945
0.866298       1.44274
0.841457       3.69521
0.881478       4.92736
-0.134651       5.10671
0.32549       5.39995
0.427029       5.31087
0.0805566       3.94853
0.534445       5.20945
-0.960886       1.92489
-0.436664       1.37628
0.736282       4.3624
-0.0507501       1.44417
0.836621       3.12495
-0.685146       5.35357
0.294927       4.02186
-0.80485       0.284143
-0.159399       1.6216
0.214655       5.08357
0.981564       2.53895
-0.0265081       1.65436
-0.622955       0.823771
0.946562       5.07345
-0.163945       2.32127
-0.724907       4.60966
-0.503187       4.3024
0.339993       1.01771
-0.545017       2.24309
0.128641       4.21325
-0.597327       5.41983
0.916587       2.93566
-0.361496       4.612
-0.161778       1.59727
0.996321       2.0387
-0.728706       2.14774
0.731354       1.25808
-0.711427       5.67573
0.391832       5.40633
-0.0259592       4.35094
-0.696424       0.450207
0.211218       4.0697
-0.252824       4.97275
0.712048       6.15324
0.694965       1.14345
-0.595719       1.04176
-0.141186       4.62881
-0.205108       2.00184
0.421927       4.80847
0.00122301       1.44023
0.941407       3.09097
-0.0592877       4.99645
0.989192       4.13865
-0.684492       4.16524
-0.921095       2.87309
-0.224712       5.40078
-0.694263       1.47739
0.414538       4.53403
0.0247795       0.850871
0.403738       5.0103
-0.123033       4.98143
0.358366       5.06879
-0.580119       5.17586
-0.553473       1.45243
-0.924529       0.897726
-0.271045       1.70841
-0.0832778       1.52149
-0.119496       4.25912
-0.326525       1.22292
-0.860822       5.79376
0.227351       1.70351
0.698049       1.30492
-0.458838       2.4241
-0.0730233       4.71395
-0.658577       4.31521
-0.562452       5.29269
-0.890692       1.0952
0.306339       5.50006
0.0478531       4.92769
-0.533362       4.69533
-0.731139       6.04324
0.965762       0.838619
-0.207218       1.16902
0.536857       5.40801
-0.717519       1.56022
-0.076729       0.930985
0.624384       0.625083
-0.49467       2.09608
-0.827675       5.65856
-0.212659       5.44007
-0.64564       2.31452
0.876468       5.50861
0.351665       4.07521
-0.698302       2.6253
-0.510778       4.72401
0.201166       1.73563
-0.52888       4.70369
0.877573       2.79008
0.949035       5.30995
-0.435228       4.1038
-0.915697       3.31527
0.37965       0.802222
0.03195       4.05966
0.174463       1.0001
0.902315       6.06532
0.864669       4.74097
0.566374       0.518214
-0.163724       4.67168
0.753191       5.48588
0.162352       1.23496
-0.769714       2.6552
0.0453464       1.55337
-0.958715       2.13688
0.675282       3.98245
0.277441       1.55874
0.92833       0.172889
-0.765425       1.42834
-0.946678       5.72431
-0.851797       1.81063
0.792626       5.15358
-0.227191       1.26431
-0.653112       2.28143
-0.980132       4.01899
-0.79914       3.97179
0.845167       4.29028
-0.172063       5.06296
0.412339       5.28395
-0.804816       1.28419
0.0951357       0.954764
-0.588551       5.17412
0.654796       5.37194
0.637296       1.70767
-0.64866       5.69554
-0.151944       1.86817
-0.771925       4.90468
-0.221113       4.43089
-0.569745       1.99151
0.853952       1.66817
-0.907252       1.96243
-0.535235       1.00008
0.982324       2.41018
-0.768221       1.28098
0.952751       0.815022
-0.942328       1.6049
0.984934       0.369763
0.691929       2.03925
-0.398166       1.96294
0.0865126       4.51854
-0.0489724       2.07923
0.693104       2.37901
0.382731       4.32566
0.890793       0.343899
-0.321928       1.4245
0.659071       0.962777
0.598179       0.595557
-0.603072       0.963928
0.576759       1.52152
0.752607       1.70896
-0.911995       1.02115
0.99701       2.41155
0.0776577       4.78546
-0.879109       6.23662
-0.226087       4.94815
0.730191       5.05774
-0.548118       4.23728
0.829687       6.14432
0.85981       3.72221
-0.601069       4.47858
0.0124519       1.72582
-0.95285       5.21263
-0.780875       6.2736
-0.719199       3.79722
-0.540869       4.2725
-0.462314       5.92463
-0.61288       1.67499
-0.94948       5.37226
-0.643685       4.51768
0.478953       1.45968
-0.983276       0.392484
0.362648       2.36948
-0.877458       0.339995
-0.524923       5.19392
-0.592028       4.29885
-0.637291       1.20436
0.618363       1.17837
0.910731       3.83245
-0.85164       3.58659
0.25709       4.44135
-0.961327       0.246392
-0.743958       4.0081
-0.813393       5.68555
0.977939       4.37862
0.898385       2.72411
-0.206409       1.7181
0.965363       2.96807
0.724139       1.10937
0.607192       5.08525
-0.726023       1.94584
-0.786894       3.49851
0.628553       1.59378
0.123155       1.4126
-0.309365       1.60999
0.602561       1.79609
0.526247       4.57493
-0.274606       1.31429
-0.972009       2.85179
-0.080304       4.96158
0.568894       1.72655
0.844462       1.62381
0.599942       1.10676
0.98669       4.31175
0.0641961       3.96347
-0.619841       0.577648
0.713759       4.44213
-0.785284       3.01637
-0.515285       2.36398
0.996662       6.15678
-0.743051       5.26884
-0.557647       4.10847
-0.859256       2.90481
-0.801883       4.45806
-0.941849       2.2385
0.377533       1.73281
0.452874       4.85187
-0.611444       4.09894
-0.622479       4.2463
0.918663       4.47986
-0.949831       0.349439
-0.921271       5.75816
-0.874813       3.1916
0.666519       4.22131
0.89547       2.4049
0.802556       0.121281
-0.135059       4.63659
0.651074       4.34457
-0.263179       1.86077
-0.00207425       1.82978
0.561373       1.296
0.528795       4.85423
0.270005       1.05425
0.502919       1.9642
0.892222       4.6573
-0.217359       4.80495
0.551139       1.45112
-0.293486       4.73592
-0.664419       1.40303
0.233287       0.910143
-0.910858       0.6247
-0.864961       0.848994
0.0251892       1.82675
-0.671614       5.34006
-0.935844       2.63944
0.871641       4.50283
-0.63866       3.81697
0.86059       0.250558
-0.452189       4.24448
-0.9355       2.53525
-0.386136       5.18973
-0.615272       5.51336
-0.708377       3.75422
0.270889       4.69468
-0.76761       4.80613
-0.750885       5.82449
0.398699       5.08482
0.350412       4.64488
-0.250816       4.82708
0.619164       4.53757
-0.839892       2.41007
-0.659329       2.26901
0.44357       4.06933
-0.750603       5.37234
0.504068       5.38713
0.267219       4.89973
-0.669289       4.00179
-0.2245       4.95025
0.464184       1.80553
0.256535       4.36177
0.363953       4.58359
0.789211       0.734158
0.77336       2.23056
0.834652       4.48873
-0.0039462       0.618719
0.883368       2.50508
0.600119       2.46698
-0.836085       2.66352
0.83431       2.11444
-0.0723527       2.03144
-0.169599       4.11218
-0.73398       5.3248
-0.828923       1.59138
-0.983314       5.05978
0.754088       4.21996
0.968971       0.99843
-0.843075       2.85574
-0.942531       0.59753
0.383104       4.64008
-0.33905       4.63482
0.305286       0.710327
-0.621114       4.36714
-0.860343       3.7734
-0.892284       4.31389
-0.0217581       1.275
0.730372       4.36561
0.913564       5.312
0.390067       4.05676
0.822902       0.732304
-0.164611       1.86632
0.862685       0.940773
0.499551       2.25478
-0.131833       4.7801
-0.734319       4.28679
0.952088       5.10518
0.291917       1.74402
0.899266       5.57601
-0.64423       1.36187
-0.533972       5.47279
-0.244696       4.63093
-0.565826       4.40133
0.219394       4.16026
-0.394339       2.01819
0.115009       1.12474
0.867688       0.0620214
0.0276814       4.24969
0.557186       1.94349
0.707806       5.23162
-0.00395973       1.43763
0.827053       2.21528
0.647193       2.12564
0.924902       2.41273
-0.732375       1.86455
0.422731       4.73704
0.505407       0.498576
0.791315       2.09204
-0.82747       0.613515
0.627441       3.64393
0.571827       3.79813
0.801882       4.06783
0.034727       5.20182
0.905525       1.96939
-0.867018       2.43706
-0.541438       1.80866
-0.0575386       4.4577
0.983166       5.40395
-0.882714       3.27427
-0.1055       1.45006
0.326726       5.1343
-0.769452       1.57586
0.445004       2.00372
0.524554       3.9302
-0.352027       0.991957
-0.453886       2.12351
-0.947639       2.13121
-0.28626       4.55683
-0.859164       6.24638
-0.577466       1.25935
0.472781       4.98956
-0.50187       5.5795
-0.830325       1.26846
-0.868317       2.99286
0.0275624       2.22437
-0.521051       5.02183
0.845209       4.81532
-0.18627       4.73405
-0.0620987       1.91492
-0.893178       0.671306
0.19388       4.09588
-0.093864       1.74095
0.090526       4.24618
-0.663773       0.926106
0.852971       1.90516
0.895955       1.97715
0.0924603       4.72158
0.132903       4.3978
0.792322       5.45237
-0.108815       4.80673
0.165566       4.20214
0.324529       0.931994
-0.697649       1.21426
0.502314       0.884837
-0.885882       2.02628
0.234853       5.14779
-0.844458       6.09621
0.878097       2.89985
0.990503       4.19754
0.128154       2.10255
-0.661046       0.305467
-0.496565       2.10403
-0.166281       0.84529
-0.24401       1.57499
-0.745858       0.808041
0.0464553       2.0188
0.902964       0.214544
0.800844       5.84944
0.69768       2.13154
0.281447       4.18817
0.430134       5.26805
0.466541       2.14385
0.782739       5.44317
-0.955099       3.62231
0.0328736       1.70445
0.615534       0.753663
0.0759144       4.14407
-0.931578       0.64369
-0.669912       4.20745
-0.765957       4.67356
-0.901733       5.68397
0.564449       4.65605
0.990553       4.09985
-0.702066       1.00017
-0.454882       1.26797
-0.685326       5.03208
-0.816457       2.81916
0.377738       5.06817
-0.912855       3.27763
-0.483262       2.10591
-0.492678       1.0544
-0.00466989       1.37294
0.757381       4.37763
-0.924143       2.64586
0.542393       1.51999
-0.745087       4.15316
-0.266804       5.41869
-0.840089       4.16888
-0.912781       5.04992
0.125331       4.44993
0.363777       1.5765
-0.661239       1.49329
-0.134608       1.47493
-0.0458043       1.19238
0.516142       5.08893
-0.885198       3.25735
-0.546829       3.05975
0.961416       2.65697
0.30987       4.81007
0.27003       1.2018
-0.0428926       0.92738
-0.89183       4.79216
0.798992       1.33632
0.883673       1.79625
-0.306547       4.64671
0.86917       5.05938
0.491095       1.28082
0.183021       1.8548
0.69087       2.57962
-0.231268       5.03608
0.903166       5.1697
-0.907628       2.38247
0.446268       4.46211
0.928381       1.54993
-0.960534       1.53531
-0.30456       4.24493
0.995607       2.35263
-0.513829       1.49299
0.731644       1.30598
-0.424109       2.39531
0.237278       4.16524
0.980165       4.7413
0.875677       2.07549
0.610381       1.37095
0.46666       1.62605
-0.611229       4.62925
-0.411724       3.87295
0.00481841       1.77174
0.867995       3.57657
-0.0583341       1.3831
-0.0139813       1.38084
0.591827       3.75679
-0.160606       1.75125
0.768781       3.42947
0.281991       2.08711
0.981455       5.13715
0.60489       1.08223
0.865815       3.51609
-0.848278       2.32892
-0.878541       2.24215
-0.769004       3.76891
-0.82188       0.67993
0.14853       2.11944
0.745735       3.53602
-0.559996       3.98194
-0.101044       2.13663
-0.342114       2.32535
-0.947171       4.22984
-0.664792       0.741922
0.757108       4.96026
-0.637553       4.46899
-0.391116       3.96265
-0.207178       4.06473
-0.896184       3.67589
0.726678       1.63149
0.167595       1.83109
-0.485744       3.99854
0.705188       5.48535
0.0424812       4.72443
-0.434262       1.26554
-0.834987       2.13687
-0.519737       5.40908
0.219358       1.40375
0.833387       4.9995
-0.673884       0.593878
-0.959791       1.18423
0.589446       1.83982
-0.936282       4.67843
-0.975279       3.66403
0.908639       0.674379
0.400072       2.1679
-0.481576       5.2624
0.88018       5.63994
-0.795778       4.30845
-0.0407885       4.5096
-0.933298       3.35482
0.906524       5.22605
0.774648       4.07083
-0.95636       1.69981
0.791851       4.67787
0.834345       4.52965
0.868498       5.60014
0.639622       0.726767
0.732272       5.54054
0.42802       4.71049
-0.649555       4.27721
-0.958135       4.24195
0.309394       1.14109
0.727537       1.35929
0.97332       3.48157
-0.303097       1.01849
0.675314       4.11096
-0.967449       2.34921
-0.940352       4.61847
0.704626       2.05714
-0.613721       5.1489
-0.772464       1.35683
-0.354441       1.13597
-0.178387       4.31256
0.318036       3.97818
0.375021       4.72852
-0.149054       1.9182
-0.246657       1.81906
0.528414       1.09456
0.444127       1.63892
0.89607       1.30897
-0.941738       0.193301
-0.606008       4.44719
0.495322       1.84971
-0.81959       5.51852
-0.744286       1.11729
-0.987215       3.05026
-0.271047       1.94637
0.618002       5.37972
0.905411       3.57039
0.6377       4.60044
0.829294       6.17597
-0.602094       5.08502
-0.766844       5.23656
-0.693307       3.88011
0.864507       0.501465
-0.830094       5.8292
0.0506267       2.22806
0.571447       4.15719
-0.108387       0.901629
0.65899       2.3001
-0.964029       2.90741
-0.182773       1.97853
-0.810822       2.14353
-0.818337       0.370217
-0.919847       3.2121
0.702289       0.052457
0.606343       1.2756
-0.829392       1.02291
-0.492199       4.96769
0.950307       3.35259
0.0911977       4.17804
0.763198       4.25213
-0.114649       5.46024
0.945829       1.83186
-0.766961       4.95741
-0.550577       0.95198
-0.957133       5.662
-0.469953       5.18484
-0.628469       0.692417
0.683627       2.56593
-0.449685       4.76663
0.985033       3.72941
0.348696       2.05668
0.637219       0.910283
0.864045       4.29948
0.743169       4.25666
-0.0313047       1.17997
-0.00246583       1.23194
0.18898       2.1931
0.521911       1.03348
-0.444646       0.917663
0.192586       4.50243
0.651698       2.02131
0.890835       5.22083
-0.487031       1.85436
-0.207589       1.84858
0.607978       1.79127
-0.129439       1.66216
-0.715692       4.2195
-0.58181       4.77013
0.224822       1.21876
0.530807       1.8499
-0.944648       5.12234
-0.83446       4.30729
-0.453686       4.07974
0.973078       5.49799
-0.908421       3.62624
0.311916       4.86197
0.781513       1.90886
0.61468       4.18065
-0.412819       1.55429
-0.910085       5.45615
-0.794663       5.36268
0.0838837       3.96018
-0.978372       4.00661
0.0433567       4.95022
-0.498834       1.35748
-0.0509451       2.02857
-0.509865       4.28514
-0.0389247       2.01911
-0.993307       0.116011
0.81703       0.117188
-0.651043       1.7474
-0.48969       4.59592
0.322908       1.36498
-0.795692       3.40913
-0.911332       6.12794
0.69449       2.59827
-0.735595       1.68578
0.165423       1.60374
-0.79321       3.15434
-0.835963       0.822378
-0.444967       1.60233
-0.495363       4.73134
-0.0467826       2.09216
-0.978354       1.31749
0.585496       4.62134
0.850176       5.88594
-0.285101       0.949167
-0.0180202       1.70821
-0.528618       1.95611
-0.311808       1.5163
0.976639       3.58753
-0.925526       5.13907
0.300757       1.13561
0.621917       4.7861
-0.996052       1.17807
0.42629       0.950085
0.0126433       1.75214
0.529824       4.48223
-0.612647       1.92901
0.405748       2.43073
0.645542       1.45557
0.303886       2.44226
-0.264216       4.63306
-0.869969       4.56352
-0.803677       3.65388
0.622691       4.72059
-0.86663       3.34613
0.968453       3.31463
-0.595603       4.97601
-0.0837892       4.39557
-0.744974       5.86685
-0.971585       1.22782
0.131694       1.30612
-0.400174       1.65481
0.509736       4.52977
0.846348       6.03364
0.54847       5.66501
0.910966       4.10606
0.138067       4.11413
0.246775       1.68414
