0.201253       1.32546
0.0652389       2.83359
-0.142523       1.39969
-0.737874       3.77378
0.584689       4.93852
0.977219       3.78916
0.0522968       2.31433
0.974094       0.121878
0.262469       4.71757
0.196217       1.28479
0.898652       0.413178
-0.55413       4.67898
-0.964882       2.96714
-0.559299       1.42633
-0.652554       1.20622
0.591495       5.72653
-0.46134       1.54783
0.3311       1.39386
-0.937651       1.72703
-0.962623       0.354535
0.523189       2.61077
0.344296       5.25198
0.938768       2.69402
-0.975723       1.75999
-0.284861       2.26159
-0.333921       4.7648
-0.0761986       1.139
-0.858814       2.19247
-0.656433       0.500771
0.843718       5.07972
-0.389994       3.79312
0.491361       3.15472
-0.273481       0.720233
0.64577       4.53854
-0.728419       0.722739
-0.838078       5.33858
-0.782684       1.62082
0.722821       1.69032
0.499185       1.0405
-0.356577       1.31014
0.928298       4.9681
-0.565027       5.81308
0.0240143       5.14164
0.170487       2.20315
0.815546       1.30645
-0.608598       2.1675
0.916261       0.330872
0.702725       1.11908
0.528243       5.05459
0.786246       1.73149
0.286431       4.16782
-0.817379       4.04732
0.750287       6.24792
-0.872099       5.62895
0.927405       3.98449
-0.0758614       0.924141
-0.138865       1.02298
0.906518       0.901553
-0.775909       2.70149
0.0111048       4.55579
-0.711734       2.63354
0.257913       3.43796
-0.964434       1.31929
-0.0647848       4.96029
0.626225       6.17083
0.483802       1.83456
0.504255       1.33645
-0.930447       3.61832
-0.608476       4.47556
-0.877713       5.72815
0.426692       4.63294
0.851225       6.25908
-0.774863       4.7863
-0.733159       3.69637
-0.459363       1.34592
0.0271473       4.79495
0.0770183       2.17326
-0.963614       3.13868
-0.535083       5.30004
0.651303       4.51833
-0.553934       5.45333
0.99091       5.90306
0.429733       4.03092
-0.806179       1.59755
0.814652       2.70879
-0.847931       3.87427
0.154565       6.26614
0.811029       1.54153
0.078409       3.82079
0.782689       4.8728
-0.348265       0.0541018
-0.70365       3.77354
0.324836       4.41206
0.692935       4.40206
-0.314036       4.90168
0.929263       1.57221
-0.607791       1.67384
-0.179168       4.65248
-0.449251       2.75923
0.474767       4.83001
0.618869       5.22071
0.71432       4.02323
-0.140012       2.3203
-0.679346       1.84591
0.91874       2.38513
-0.661713       5.10753
-0.0175492       4.79534
-0.987425       4.21399
0.964584       5.955
0.931431       6.22154
0.709525       1.81783
-0.392136       5.0237
0.614946       0.958571
-0.988468       4.06897
0.507584       5.06381
0.514195       4.01845
0.925957       4.85519
0.902848       4.5379
0.0582036       1.71896
-0.696393       1.42633
0.358467       0.467313
-0.911454       4.6686
0.287472       1.67248
0.220395       4.88722
-0.708513       5.10159
0.565371       5.6467
-0.28488       5.47915
-0.995562       0.0401903
-0.0296071       3.09602
-0.505287       1.34595
0.649007       1.49687
0.0438571       1.80223
0.683645       5.28968
-0.348361       4.78719
0.696787       1.47564
-0.767142       3.82816
0.496754       1.85614
0.395171       1.881
0.154664       1.20325
-0.879236       1.42403
0.159871       1.35333
-0.148457       2.43657
0.960677       3.75761
0.614841       4.45712
0.979161       5.24792
-0.232733       5.97571
0.867915       1.85223
0.955622       2.70483
0.39779       3.72729
-0.367721       2.3134
0.374206       4.51558
0.269487       3.95504
-0.214611       0.844087
0.0770953       3.23032
-0.00549508       3.33146
-0.59271       5.55614
-0.60459       4.78696
0.0667802       4.61426
0.524063       4.82486
0.025368       4.04847
0.945436       3.10139
0.319995       4.92806
-0.120724       1.67404
0.884096       5.35297
0.246879       4.44205
-0.0899211       2.7421
0.152916       1.20419
0.0557185       2.48541
0.882604       0.443476
0.251973       5.06611
-0.0419601       5.00907
0.1221       0.786117
0.792935       1.47155
0.797058       1.97202
0.537851       0.969849
-0.58337       4.98612
-0.972174       4.94151
0.558417       1.60666
0.743707       1.15483
0.865818       5.61368
0.0864817       2.30357
-0.976133       0.178885
0.00580016       4.9134
-0.987514       4.93113
-0.326264       1.37105
-0.483147       4.64451
0.545693       5.77299
0.833408       1.3331
-0.84067       1.69308
-0.666978       1.43158
-0.8171       0.0850466
-0.951446       0.0283232
0.451892       1.36665
0.628043       4.11625
-0.533261       1.83486
-0.321514       2.28999
0.728083       5.38753
0.0347881       4.96117
-0.730502       1.59515
0.7499       2.0473
-0.0940509       4.88825
0.777699       2.29462
0.80619       3.71192
0.768262       3.57567
-0.379829       5.93076
0.957144       0.36821
-0.203999       5.12304
0.699567       4.09855
-0.519561       2.25817
0.725291       5.8329
-0.247047       4.96704
-0.399872       1.09693
0.288549       0.668151
-0.747557       1.86191
-0.449152       4.82664
-0.379594       4.23505
-0.0357524       0.859034
-0.959747       1.88965
0.042377       5.52928
-0.695757       2.68805
-0.226043       4.25638
0.732794       0.205411
0.247959       2.54944
0.637401       5.32337
0.968819       5.07556
0.867648       1.95321
-0.878448       5.48198
-0.951071       1.90249
0.938285       4.84141
0.791132       4.77544
-0.935308       1.17344
-0.729512       6.11651
-0.90571       3.61179
-0.939003       4.1728
0.81597       1.91075
0.999492       4.68079
0.940488       3.51303
-0.943251       6.03434
-0.997299       5.64302
-0.709477       5.38222
0.83944       1.27595
0.296966       1.60708
-0.398167       0.883192
-0.851972       4.05089
-0.122547       2.30735
-0.99207       4.35281
0.25991       5.78738
-0.865346       4.885
-0.420493       3.59364
0.915571       2.34442
-0.139268       1.11381
0.555743       1.68516
-0.737083       3.41678
-0.542163       1.10869
0.693592       0.879948
-0.497156       4.55778
0.727552       1.14706
0.697235       4.29003
-0.603896       1.97166
-0.736716       5.13942
0.766923       1.77897
-0.669828       4.52321
-0.802682       5.56362
-0.652304       4.92957
-0.718446       0.857111
-0.911736       0.241605
0.435378       4.47268
0.907327       4.50714
0.88193       3.90498
0.617945       4.83812
-0.760341       1.25965
-0.924676       5.03618
-0.954731       1.54668
-0.00551699       4.09231
-0.932765       5.02366
-0.738209       2.4235
0.465364       1.21538
-0.0663766       1.76583
0.556433       1.85806
0.843912       0.875286
0.51977       4.14596
-0.613846       6.18094
-0.508095       3.81108
0.330332       5.43862
-0.582866       4.04078
-0.276342       1.86999
-0.809675       1.83938
0.579544       1.51167
-0.951315       1.91033
0.97824       4.78825
0.98072       4.10091
-0.686157       1.47128
-0.786263       2.30556
-0.805057       1.89983
-0.920111       4.73046
-0.873067       3.59124
-0.841771       5.42166
0.638379       5.7869
0.840914       4.15405
0.422067       0.363367
-0.436501       5.75368
-0.926083       5.48437
-0.693672       2.49838
0.00953476       2.36343
-0.224866       4.51304
-0.963003       1.84201
-0.148644       5.09923
-0.496865       5.23637
-0.942325       0.361091
-0.0464944       1.486
-0.686122       5.31497
-0.856226       0.17196
0.923746       5.81002
-0.873068       1.38443
-0.845244       5.25413
0.999174       2.8156
0.670083       0.792801
0.780975       0.248389
-0.2917       1.92024
0.635761       4.48304
-0.869019       1.84968
0.755887       3.38972
0.380929       2.76242
-0.620972       2.69065
-0.0178046       4.33752
-0.898575       4.26416
0.871795       2.79094
-0.776152       0.857526
0.544359       1.1629
0.564892       2.91886
-0.929493       5.06307
0.548403       5.9441
0.282913       4.49074
-0.505878       4.68045
-0.998488       5.75935
0.693319       5.31806
-0.554834       4.62287
-0.7227       1.44013
-0.480763       1.01085
0.439556       4.63494
-0.934642       3.60786
-0.845861       5.52493
0.456151       5.06567
0.940092       4.47944
-0.047658       1.29262
0.902028       3.73631
-0.492566       5.28775
0.632541       2.81998
0.733846       1.71099
0.972756       2.35361
0.802896       0.834171
-0.898018       4.60043
-0.453806       4.04175
-0.368767       1.75558
-0.205494       4.99599
-0.594137       4.14099
0.890649       0.182364
-0.242507       0.264567
-0.823315       2.6138
0.565728       4.7647
0.880706       2.10546
0.791085       2.6519
0.690088       2.94609
-0.897985       3.59957
0.594574       5.13157
-0.951999       1.86201
0.786936       2.03301
-0.985661       0.825001
-0.874242       2.13086
-0.849919       0.155002
0.880198       3.75137
0.87334       1.9792
0.71841       1.59547
0.507734       2.34764
0.868983       0.344654
-0.768988       2.59002
-0.810365       5.09758
-0.482927       4.77091
0.6038       5.38858
-0.0308506       0.288576
-0.70127       0.819319
0.295361       1.26193
0.958526       4.55084
-0.78737       1.48461
0.945574       3.50193
0.80311       4.19535
0.77547       4.12034
-0.737322       4.37352
-0.791133       2.77948
0.845315       4.09406
0.359993       5.02181
-0.556983       1.52838
0.099969       1.50317
0.71177       0.0743636
-0.25195       1.55396
0.760435       3.47936
0.614571       0.620044
0.395764       2.14166
-0.619802       2.1799
0.992432       4.33516
0.537888       3.3456
0.671762       1.27659
0.672882       3.83253
0.0250439       2.14264
0.660875       1.99971
-0.482881       1.69007
0.554556       4.6176
0.312853       5.32505
-0.652383       2.19212
-0.936538       0.636321
0.784741       1.34537
-0.453792       2.11595
-0.274002       5.33952
-0.698631       5.19715
-0.385066       2.68755
0.845261       1.41208
-0.0956098       4.1442
0.871626       1.17518
-0.592607       3.4148
0.0127398       1.47743
-0.0242181       1.27762
0.489244       3.68821
-0.527874       4.37278
0.137523       2.34794
0.580375       4.40607
0.0871128       5.07102
0.618915       4.34167
0.149188       4.98321
0.951835       4.57081
0.914409       2.74543
0.999055       2.46312
-0.0645282       1.94054
0.761976       3.65326
-0.90418       2.56723
0.786834       2.16891
0.601139       6.04884
0.833977       4.56223
0.99373       2.75668
-0.890715       4.01683
-0.24885       4.37387
0.575653       5.75048
0.828851       3.53133
-0.644471       5.87576
0.360542       5.03651
0.536356       0.23084
-0.912732       1.51745
0.853648       5.23118
-0.971821       3.9033
0.885884       3.94915
0.870248       4.79905
0.914054       2.29852
-0.992734       5.06518
0.941788       1.8238
-0.591306       3.94464
-0.631278       1.24966
0.916106       2.25656
0.405205       4.24337
-0.832529       4.79326
-0.460768       1.48473
-0.917586       2.99927
0.633449       4.94143
-0.554714       0.193971
-0.666738       1.85184
0.879774       5.56458
-0.450418       1.52382
-0.679549       1.60004
-0.70132       5.093
0.370584       3.2662
0.750515       3.86716
-0.577076       1.08373
-0.588229       4.04287
0.0271267       1.20291
0.609172       5.13715
0.640434       5.06948
-0.79385       2.19257
0.197836       4.75059
-0.769529       3.89898
-0.80684       4.27022
-0.504538       4.49256
0.933621       5.67321
-0.976031       1.67169
-0.85962       3.50068
-0.65043       2.62971
0.37346       5.03207
-0.819557       5.55345
0.463656       0.937003
-0.371457       4.43
0.0852251       4.27134
-0.866615       1.53268
-0.243951       6.1732
-0.388818       1.60233
-0.807985       3.8927
-0.498374       2.30057
0.106371       4.64134
-0.93581       5.75168
-0.694443       5.06885
-0.727992       3.4583
-0.963387       1.65978
0.983446       4.31709
-0.6275       4.59581
0.973246       1.11542
0.894519       5.98936
-0.114566       1.18423
0.0153584       4.38355
-0.158905       1.46602
-0.213434       3.27236
-0.700227       3.90066
-0.219731       1.4812
0.492687       0.851639
0.672452       0.134627
-0.958819       0.569741
0.278942       3.06478
-0.843102       1.2107
-0.707689       4.43833
-0.27621       1.61748
-0.0713905       2.41497
-0.493533       4.75439
-0.471096       4.43004
-0.947481       5.42813
0.374551       1.92642
-0.334157       6.0707
-0.967226       1.31176
-0.0437505       5.74155
-0.170962       1.04406
0.385027       5.73533
0.405092       1.53027
-0.792985       1.37904
-0.605952       2.00878
-0.884448       4.54679
0.911815       3.97544
-0.81891       0.179557
0.771505       0.312521
0.796558       4.21576
0.997852       2.90027
-0.762502       0.0981447
-0.653679       0.645604
-0.326224       4.5625
0.765835       0.0617516
0.275647       1.6807
-0.886353       3.71106
-0.0334537       1.42046
0.159653       3.89522
0.888       5.61552
-0.350531       1.26465
-0.2015       5.3352
-0.65755       3.81248
0.9906       0.535007
-0.0431018       0.330597
0.000323919       1.66935
0.917069       2.47584
-0.247016       4.53309
-0.615588       1.1534
0.584449       0.104109
-0.522164       4.35703
0.429492       1.56199
0.270916       4.58561
-0.779373       4.66772
-0.86432       6.10226
-0.0874706       1.64036
0.571165       4.10485
0.00330811       1.29454
0.980389       2.62541
-0.561492       4.16589
-0.175399       4.05071
0.0982622       2.99642
-0.892924       0.668852
-0.788647       4.83026
0.315741       2.78498
-0.104833       0.683489
0.288252       1.13157
0.74528       4.93703
0.718047       0.881322
0.81901       0.266603
0.852204       1.796
-0.0602272       1.95742
0.476422       1.62965
0.773825       0.202149
-0.531909       6.11394
0.184294       4.85957
-0.585429       4.71057
-0.658463       2.22228
0.946801       2.48973
0.952969       1.62243
0.828252       1.63032
-0.857261       4.81432
-0.950653       4.31729
-0.798423       1.75265
-0.597973       0.46805
-0.268225       4.54231
0.879681       2.68523
-0.978343       2.02872
-0.522861       1.4092
-0.418522       0.236
-0.517584       4.23119
0.589999       4.24688
-0.341788       4.89923
-0.474415       1.76158
-0.383555       4.12969
0.453325       2.19631
-0.202349       2.07697
-0.720841       3.02104
-0.606655       4.47942
-0.483122       5.14955
0.808887       6.22145
0.147058       4.29409
-0.116256       1.96057
-0.574621       3.88184
0.798014       2.55358
0.901992       0.824829
-0.679178       0.191359
0.00171879       2.01988
0.825144       1.84052
0.721632       0.575445
-0.706759       1.86353
-0.110643       1.15619
0.0292786       0.89272
0.0142908       4.80445
0.137014       4.4752
0.725358       4.80208
-0.911954       4.73089
-0.199205       4.6379
-0.605437       4.42813
-0.357332       2.15998
0.651927       1.73065
0.26435       4.70719
0.701302       3.72437
0.98227       4.82126
0.384038       5.00887
-0.259365       4.41335
-0.610003       4.09707
0.764941       1.36441
0.58181       1.16373
0.929662       5.94232
0.862474       4.91613
0.176194       1.43911
-0.972313       3.65402
0.499663       3.15948
-0.624961       4.48685
0.978265       1.64936
-0.695256       5.96932
-0.996403       0.843174
-0.809605       1.66448
-0.319971       5.06911
0.793655       2.9797
-0.701512       4.81018
-0.530433       1.01951
0.789833       3.83528
-0.00237105       4.35658
-0.995863       4.01946
-0.254579       4.79788
-0.886216       1.77986
0.939493       3.22911
0.956243       0.873011
-0.696678       5.04763
0.449127       2.62663
-0.5051       1.54171
0.547231       2.5319
0.799672       3.61114
-0.616108       5.62713
-0.604434       4.75838
-0.845679       4.50702
-0.55392       4.88156
-0.360711       4.49866
-0.956484       6.01784
-0.739521       4.96648
-0.680379       1.9418
-0.919294       6.09099
-0.875889       0.870003
0.788975       1.12138
0.0740765       5.61181
0.939271       3.76487
0.675651       1.69612
0.978678       0.627123
-0.972381       1.65484
-0.221618       1.40215
0.964307       2.63398
0.806207       2.73226
0.465668       2.13448
0.701107       1.80044
0.767108       1.08193
0.380851       0.866265
-0.717269       0.894445
0.965118       0.55177
-0.94434       4.67896
-0.0969417       1.27439
-0.804284       5.54267
0.935596       4.33409
0.785958       4.16936
-0.447272       2.10833
0.570031       1.68018
-0.963015       2.01869
-0.986547       1.25103
-0.754923       0.656097
0.313893       1.49733
0.767616       1.4768
0.943989       0.881375
-0.853345       3.96918
-0.616959       5.50568
-0.318799       6.09755
-0.808031       3.7346
-0.505074       1.93527
0.0975628       4.58671
-0.931687       2.18073
0.485985       0.810846
-0.140756       3.77279
0.21219       5.04816
0.591669       5.50157
-0.422678       2.80192
-0.760095       1.1227
0.144922       1.41264
-0.555662       1.83334
0.837775       1.75409
0.495294       1.98907
-0.947669       1.51287
-0.835557       4.8043
-0.986124       0.936524
-0.587211       4.62232
-0.858866       1.22887
0.39286       3.49114
0.882365       2.34516
0.527765       1.73229
-0.126013       4.99494
0.789219       2.17545
-0.187918       4.58103
0.970389       0.302275
0.475794       1.2077
0.382173       5.59154
0.555506       2.22231
0.631548       5.88865
-0.873064       4.31502
0.836516       0.283977
-0.96864       1.9007
-0.883776       1.63883
0.805633       3.67839
0.654814       4.77605
0.506548       2.45325
-0.923088       1.86415
0.908179       0.10857
0.726742       3.95574
0.0765942       1.6568
0.177734       0.736885
-0.9744       3.21875
0.591765       2.65528
0.358191       1.44895
0.0195215       1.91698
0.0814932       1.27138
-0.562812       4.61236
-0.141185       1.52943
0.663685       3.65274
-0.947096       3.53555
0.617836       5.57563
0.43431       0.661264
0.627226       3.56205
0.466174       4.86202
0.00598443       0.488561
-0.676923       1.72574
0.700155       1.87533
0.606674       1.82565
-0.0828887       4.93328
0.901442       3.60535
-0.548826       4.69904
0.882907       3.82519
0.701007       2.24556
0.816151       4.72001
-0.8156       3.00242
-0.122616       2.26799
0.801952       0.46798
-0.664457       3.92365
0.533001       1.60193
-0.0469579       4.40434
-0.749417       4.53997
0.889248       3.82047
0.321218       3.92494
-0.357936       2.73308
-0.0576473       0.981772
0.0746795       1.98601
-0.450369       3.07917
0.987185       3.93562
-0.976749       2.19027
-0.735151       5.73019
-0.351447       1.92532
0.447356       4.32639
0.170426       1.40139
0.892768       1.03049
0.767253       5.30791
0.624238       1.66062
-0.285151       3.33799
0.248233       1.24936
-0.866884       1.58926
0.606917       0.81407
0.1816       1.63586
0.203607       3.60724
-0.882825       4.50172
-0.805623       5.95866
-0.0149036       3.90277
-0.207548       1.55363
-0.859731       4.4476
-0.371441       0.562323
0.755865       5.14795
-0.189222       0.465696
0.902231       4.13852
0.745894       1.19406
0.151955       4.26191
0.668422       1.71686
0.166506       2.75044
-0.537476       2.42699
-0.432417       2.26719
0.81675       1.75089
0.72205       2.06551
-0.49938       0.352659
0.529148       1.91214
0.336485       1.58796
0.899423       2.76382
0.365424       4.39727
-0.828145       1.63035
-0.93471       5.17496
0.604499       5.27596
0.945361       0.0499022
-0.962382       4.98852
-0.316696       1.26228
-0.526906       1.49582
0.203343       6.01186
0.903191       5.94137
-0.0875871       4.74028
-0.681897       3.24332
0.908707       2.36305
0.864958       3.12262
-0.917889       1.28182
-0.633627       4.00423
-0.910543       2.74717
0.00639974       1.79205
0.706501       1.35169
0.788738       5.50174
-0.540105       4.2871
0.855208       4.51896
-0.960012       4.4084
0.721992       4.47387
0.752864       1.37002
0.384054       1.16162
-0.429143       3.13336
0.901912       1.25437
0.594788       0.972538
0.155187       3.35265
-0.464563       4.34304
0.455703       1.78635
0.774501       1.61124
-0.995525       2.32293
0.442642       2.69686
0.660085       4.84431
-0.825409       4.78739
0.934778       1.967
0.912202       6.25955
-0.623657       1.05183
0.81229       5.16682
-0.940841       5.83843
-0.841206       0.826983
-0.961604       2.60301
-0.165219       1.43971
0.0313812       4.57866
-0.0338584       4.9589
0.669705       4.47737
0.866742       4.31162
0.500798       1.17305
0.88439       5.48833
0.548823       1.19902
-0.036847       0.971538
-0.0125307       2.77717
0.975188       4.20005
-0.570076       5.24059
0.308165       5.28852
-0.863889       0.463436
0.512106       4.19668
-0.899562       2.41343
0.996862       4.60136
0.891875       1.85467
0.687337       4.577
-0.319161       4.38717
-0.978375       3.22641
0.578247       1.58214
0.629253       2.4846
0.738431       0.207517
0.607971       4.33665
0.435351       1.3445
-0.395211       4.85016
-0.938558       0.168208
0.546243       0.969837
-0.988323       2.51548
-0.873714       0.347052
-0.66734       1.36712
-0.903522       1.48205
0.909991       4.35911
0.560789       5.07984
-0.873226       4.57217
0.500641       4.22929
0.0971667       4.45336
0.784256       5.93453
-0.714181       0.986061
-0.512283       2.46041
-0.547725       1.05969
0.311519       1.83131
-0.993436       4.77382
-0.835397       5.97366
0.539154       1.15075
-0.951491       2.51727
-0.792176       4.86052
-0.832825       2.48452
0.90219       5.04105
0.371761       1.57808
0.153225       4.67462
-0.367627       3.0377
-0.471451       3.21112
0.742165       2.22567
0.217462       4.21518
-0.671326       3.95936
-0.978359       2.24985
-0.651933       0.926365
-0.20034       4.31791
-0.925611       0.956076
-0.857676       1.51923
0.4415       4.61042
-0.505093       4.89807
-0.70257       6.16936
-0.507679       5.32953
0.495324       1.28256
-0.985318       5.45021
0.800341       1.57885
-0.853269       1.77291
-0.533311       0.702039
-0.595531       5.52682
-0.668192       1.81409
0.97701       3.15044
-0.512217       1.59386
0.902531       0.238943
-0.885901       0.572646
-0.831738       3.36723
0.224446       4.48822
-0.262634       1.05317
0.629846       5.54706
0.643085       1.92647
0.615419       1.4186
0.711733       1.10574
0.972486       2.64312
0.674237       4.8701
0.148241       2.49335
0.647751       1.53706
0.951128       5.22171
0.862523       4.29063
-0.0550754       1.0874
-0.801882       2.16315
-0.930946       5.81997
-0.193133       4.19161
-0.545677       4.29147
0.836441       5.108
-0.123606       2.39019
0.508356       5.85435
-0.290717       2.58901
-0.0264762       4.50881
-0.244718       4.65781
-0.309516       5.10548
-0.855686       4.35118
0.486122       1.7888
-0.111377       0.626227
-0.220509       4.60938
-0.618762       3.9492
-0.880282       1.05434
0.706628       1.96711
-0.917636       5.50003
0.441358       5.38055
0.98705       5.31743
-0.336712       2.41122
-0.771816       0.151565
0.778377       1.21672
-0.31843       4.93209
-0.5132       6.26433
0.0676362       4.45472
0.90027       4.49579
-0.766852       2.63931
-0.0298605       1.97659
0.861407       1.25514
-0.405045       5.598
0.449006       2.00416
-0.923193       5.34232
0.134435       1.07378
-0.495601       4.52485
0.131681       4.39705
0.895517       2.57098
0.753824       4.09514
-0.0860469       2.17734
0.858524       3.1998
0.171477       1.58888
-0.871289       5.5322
0.776074       1.98385
0.70246       5.43405
0.719457       5.27185
-0.905027       4.65213
-0.220734       1.74913
-0.0554797       1.97735
-0.704612       2.40396
0.938619       0.533481
-0.988837       1.56637
