-0.712964       1.63547
-0.31914       1.89812
0.930025       5.56135
0.398107       1.64878
-0.107907       0.643519
-0.357774       1.94363
0.923871       2.98575
-0.79578       2.55173
-0.391417       5.03572
0.667529       1.40322
-0.82829       2.79803
-0.381458       5.30828
-0.989503       5.27539
0.365552       4.01944
-0.642762       2.24691
0.454625       2.34181
0.666676       1.1416
-0.705934       4.20419
-0.923335       4.21025
-0.140635       5.04514
-0.96955       5.69506
0.759238       0.659955
0.968875       3.05389
-0.699513       5.09313
0.784966       5.22503
0.643409       2.53821
-0.476655       5.54844
0.43515       5.13011
-0.326865       3.99994
-0.34109       2.16262
0.771886       5.45055
-0.471897       4.65691
0.824996       0.3012
-0.138231       4.45939
-0.237752       3.96499
0.752528       2.06167
-0.814575       2.12152
0.90841       5.89858
-0.72394       3.79309
-0.643251       0.956059
-0.895625       4.18039
-0.970938       1.83563
0.908672       3.8908
-0.553218       3.67966
-0.670988       0.795808
-0.933903       1.53946
0.350066       5.36204
0.0390197       1.69608
-0.447866       2.34964
-0.797939       4.30313
0.162313       1.9881
0.269416       4.85358
0.642288       5.34627
-0.138743       1.4761
0.974463       2.79812
-0.30725       4.88438
-0.570368       1.16115
-0.934548       4.53194
-0.87778       0.764512
-0.694011       4.75147
-0.47404       5.2815
-0.756302       5.8722
-0.369141       4.54562
-0.0589158       1.67198
-0.185302       5.4935
-0.876834       1.32399
0.584902       0.92702
-0.966549       2.86747
-0.820199       0.426812
0.927134       5.86137
0.241101       4.67687
-0.98371       1.83489
0.120835       0.858233
-0.754194       5.35327
-0.549488       4.81762
-0.529933       0.334858
-0.345122       5.18534
0.775066       5.15401
0.661068       0.393514
-0.292187       1.57826
0.944896       0.629956
0.174076       2.19745
0.997602       0.128031
0.683393       0.644259
-0.667023       5.81432
0.259724       2.19521
-0.00607921       1.20156
0.288565       1.50608
-0.775941       3.64897
-0.16954       0.787866
0.871588       0.130704
0.303706       5.00126
-0.829968       4.2698
-0.593209       5.54319
0.418817       3.98775
0.748273       5.52223
-0.167751       3.84911
0.0549568       5.08762
0.843506       1.03794
0.883897       3.0546
-0.964783       2.6616
0.604869       2.53511
0.421544       4.87858
0.318528       1.93657
0.846924       3.62493
-0.300663       4.10006
0.997581       3.53973
-0.120809       2.14413
-0.88476       0.909937
0.85582       3.41191
0.943459       2.42883
-0.87886       0.928627
0.527927       5.45985
0.442914       2.1113
0.419002       1.03227
0.346162       4.50701
0.695306       4.8647
0.843647       2.57354
-0.50263       1.15311
0.182409       4.84459
-0.0314416       1.93935
-0.485425       4.59757
-0.58223       1.05315
-0.904406       4.68901
-0.42128       4.11688
0.441326       5.26557
0.513325       3.97016
0.0339438       4.90763
0.532615       1.85708
-0.0147213       5.04912
0.582912       0.623019
-0.777101       2.08621
-0.873257       4.29294
-0.971218       3.96765
0.0400293       4.02119
-0.394308       4.83889
-0.99591       2.34609
-0.418116       1.7689
0.0924394       1.97917
0.770432       0.92842
-0.592981       0.78084
-0.841228       5.17979
-0.861571       2.37691
0.406119       1.89312
-0.635796       2.01465
0.811578       2.05426
0.615137       1.44475
-0.91214       4.87789
-0.52785       2.10049
-0.648274       1.51645
-0.743843       4.06006
0.116671       2.29287
0.808289       0.0411768
0.825238       5.61993
-0.151627       4.63434
0.537139       2.04088
-0.966631       5.75266
-0.964677       1.26395
-0.0074387       4.70161
0.890221       2.22914
0.452827       1.76899
-0.598226       4.70452
0.951512       5.67919
-0.705302       4.82234
-0.703787       0.713446
-0.0156292       5.01508
0.797117       2.77632
0.30177       2.34702
0.39281       5.32954
-0.358897       4.87021
-0.956748       5.26194
-0.714929       0.720898
-0.847475       4.64706
0.974868       2.02157
0.336946       4.24502
-0.702052       5.93429
-0.761446       3.99353
-0.916546       0.620081
0.673463       4.6352
-0.757825       4.57721
-0.475019       5.10808
0.324681       1.1208
-0.840609       0.6641
-0.812148       2.53489
-0.747124       2.30908
0.29874       4.99153
-0.930699       3.25843
0.910915       1.68265
0.144015       1.19901
-0.881276       4.77828
0.394903       2.27887
0.451873       1.87284
0.278342       4.07948
0.383886       5.13868
0.628241       0.393669
0.723945       3.41311
0.692978       6.18852
-0.685672       0.720948
0.918182       2.57572
-0.182783       1.37089
0.518696       3.98117
0.0582174       4.35312
-0.87283       3.61757
0.427972       1.46883
-0.462087       5.08378
-0.036519       4.78341
0.338299       4.34656
0.900078       1.89
0.958435       3.66232
-0.359831       5.22286
0.725337       0.696837
0.447323       2.43039
-0.784841       2.88863
-0.446258       1.89643
-0.932369       4.9416
-0.825998       0.47288
0.97225       1.30431
-0.252683       1.52925
-0.72634       2.17699
-0.636524       4.78378
0.565808       1.46597
-0.706914       0.187086
-0.766148       6.13599
-0.892422       2.52416
0.733745       5.43503
0.41459       1.53466
0.682304       3.10964
0.299146       2.20774
-0.392827       0.680038
-0.288367       4.08211
0.54766       1.56248
0.418219       1.36439
0.827108       3.73287
0.523057       4.46977
-0.0400039       0.938986
-0.722609       6.23434
-0.98007       5.83266
-0.764943       6.16747
-0.369241       4.57224
-0.959549       4.70252
-0.953797       6.18472
0.73187       1.94201
0.727844       1.40883
0.816738       1.85846
-0.799841       0.493474
0.600124       1.31834
-0.213791       4.02848
0.896338       3.51422
-0.526909       3.53744
-0.540143       5.29623
0.5763       1.33862
0.775566       0.784657
0.825842       4.31191
-0.457934       4.33627
-0.821382       3.81337
0.558412       4.54078
-0.49302       4.76082
-0.248411       4.45973
-0.306954       4.96209
-0.980909       3.21244
0.171293       4.07258
-0.514906       4.27368
-0.93696       1.78531
0.260273       1.81794
-0.620025       2.25129
0.659352       4.65759
0.941921       1.85406
-0.729989       5.65218
0.987043       1.44783
-0.241474       5.2589
0.171956       5.12805
0.295776       0.902115
0.855832       0.870883
0.965625       0.608119
0.138775       1.62044
-0.799055       5.0711
-0.937336       4.68762
-0.508949       5.07037
-0.688326       0.647914
-0.537363       4.66752
0.627344       1.50192
-0.83648       0.435092
0.525094       4.92866
-0.635337       2.70494
-0.881336       0.17383
0.269445       1.68235
0.852055       5.47226
0.845525       2.64577
-0.999875       5.63745
-0.472103       1.69826
0.927566       1.17352
-0.307726       0.980398
-0.693544       4.41748
0.215186       1.66953
-0.581182       4.73508
0.498711       4.27358
0.840744       5.91662
0.960125       5.35967
0.86892       4.58936
-0.45574       5.23363
-0.312728       4.89546
0.987547       5.15772
-0.00255216       4.8137
0.739983       2.25682
-0.554792       1.12968
0.641047       3.8586
0.947216       2.71147
0.634061       4.35104
-0.844498       4.55834
0.211979       1.15065
0.738284       2.88579
-0.292156       0.724368
-0.79266       4.60938
-0.0338045       5.40109
-0.852564       2.63706
0.754349       5.05559
0.454897       4.82345
-0.813437       1.72157
0.0452024       1.82276
-0.778799       3.7716
0.987919       3.23441
0.13419       4.37205
-0.909472       2.84409
-0.253842       5.27628
-0.711987       3.5324
0.682739       1.36716
-0.383888       4.15403
-0.577188       5.067
0.0728417       4.59604
0.738374       2.7971
-0.925299       5.2438
0.834912       5.12818
-0.768949       2.02079
-0.93165       5.09835
-0.162832       4.1715
-0.912511       3.38013
0.270829       3.6061
0.0629971       2.31997
-0.410504       1.20383
0.495501       0.997727
-0.139048       3.958
-0.744027       6.17708
0.497277       4.81668
-0.22645       1.44407
0.641433       1.40116
0.765448       2.61408
0.850058       5.06283
0.863792       2.20329
-0.913011       2.1277
-0.31447       1.2325
-0.870627       3.79073
-0.896024       5.76116
-0.858578       3.95342
0.720654       4.16972
-0.432761       4.77045
-0.804192       2.79166
0.458865       1.72753
-0.847783       1.53785
-0.23659       4.70622
-0.927079       5.91122
0.318453       4.79991
-0.425255       4.04758
-0.444206       5.30627
0.669342       0.570147
-0.963761       4.70561
-0.0127428       1.00153
-0.85445       1.62786
0.532788       1.5934
-0.0327353       1.45698
0.801013       5.9161
0.727907       5.26482
-0.929509       2.00151
-0.584241       0.643795
0.863989       5.47645
-0.401236       4.99796
-0.0601549       1.53891
0.770174       3.6689
0.873899       4.391
0.998226       0.0859472
0.6234       2.00962
0.830014       3.22699
0.797827       0.706007
-0.841683       3.67754
-0.841414       1.68515
0.909721       1.16393
0.22955       4.69732
0.605075       1.34706
-0.772827       0.469583
-0.741312       5.48275
-0.795504       4.66312
0.126248       2.19333
-0.634211       4.84472
-0.174395       4.69701
-0.887048       3.50707
-0.826501       2.7667
0.992741       5.97008
-0.73128       1.12155
0.902848       5.49262
0.468797       3.90446
-0.968977       4.63578
-0.960235       3.94084
-0.0985665       5.1146
0.923603       5.37236
0.816405       0.227281
-0.392424       1.54621
0.12227       4.46424
-0.0249075       1.29056
0.641636       4.14191
-0.681862       0.252317
0.799247       1.83175
-0.464236       5.12709
0.950288       4.01214
0.798271       0.657697
0.662987       1.29666
-0.767159       5.69481
-0.938721       0.95786
0.0583985       5.31479
-0.595059       2.10741
0.0112081       1.11196
0.97976       0.609225
-0.88975       3.82133
0.908648       5.14702
0.917066       1.31858
-0.539845       1.96853
0.930478       6.14129
-0.467454       5.19323
-0.157457       4.88004
-0.188614       0.909107
0.224826       5.39327
0.0125021       0.76475
-0.642113       5.60762
0.12698       1.9806
-0.919147       2.51295
0.180975       2.15528
0.837555       4.49452
-0.675536       2.16436
-0.550516       4.83951
-0.490983       1.96596
-0.73231       5.49021
0.259466       2.0604
0.428576       5.01337
-0.922186       4.8881
-0.0705635       4.45959
-0.916648       2.47918
-0.0371105       1.94696
-0.448152       4.61807
-0.693475       0.309471
-0.628409       2.56398
0.97398       0.576836
0.693727       0.541196
0.625423       4.35648
0.950625       2.103
0.307836       5.11243
0.755596       0.589178
-0.785411       3.92703
-0.840527       5.39929
-0.981751       1.76282
-0.906775       4.22003
-0.937625       5.25664
-0.852011       1.29296
0.951246       2.78517
-0.655138       1.29119
0.902976       2.97117
-0.622547       4.84047
0.568742       2.03129
-0.658431       4.02223
-0.897601       0.765321
-0.834993       2.89256
-0.436926       4.584
0.00472226       4.58993
-0.562781       3.95239
0.144993       1.91874
0.853628       5.65668
-0.149999       4.12698
0.830428       2.38868
-0.541245       0.81468
-0.854901       2.64259
-0.553575       2.21864
0.116122       2.07686
0.665163       1.07444
0.475136       1.8195
0.866663       0.636652
0.700515       1.55635
-0.441809       4.59624
0.916414       6.19054
0.971907       0.787296
0.0504142       4.50438
-0.681163       2.21828
-0.0312911       5.18439
-0.813917       1.7703
-0.62843       4.05812
-0.934057       0.119922
0.879698       2.53127
-0.369455       1.44992
-0.169856       4.96344
-0.587207       0.691629
0.000586842       1.03242
-0.768194       4.31344
-0.0277705       4.76879
0.689951       5.09335
-0.701375       4.90409
0.451302       3.94567
-0.220619       1.85246
0.826411       3.72028
-0.127982       5.02802
0.520894       1.86045
0.872058       4.74089
-0.5076       1.08872
0.0284985       2.40859
0.537221       2.16919
-0.01516       5.34723
-0.879444       0.0870702
0.840377       4.20566
-0.965255       1.00934
0.134523       4.18693
-0.54288       2.10345
0.552306       1.53587
0.637437       3.77312
-0.211263       1.82127
-0.79259       0.549803
0.79121       1.95808
-0.733512       5.1042
-0.72464       4.86721
-0.829065       2.64589
0.340524       4.57211
-0.876216       5.15372
-0.0315496       5.40371
-0.171225       1.08911
0.983718       0.813793
-0.686267       0.631519
0.436447       5.12719
0.512475       4.74181
0.163578       4.38454
-0.183768       1.74232
0.995379       1.90542
-0.765714       6.17958
-0.0735765       5.12486
0.943271       5.52152
-0.398421       5.3144
-0.997049       4.325
-0.712358       2.23577
-0.823245       4.73254
-0.421633       5.00169
0.776152       3.87833
0.305023       1.59025
-0.59478       4.72189
0.988718       0.815194
-0.383059       4.818
-0.998087       0.410429
-0.666268       0.427914
-0.6136       0.537362
-0.0376979       1.29892
0.797826       5.76135
-0.988854       3.24093
-0.798428       5.80209
-0.271584       4.42597
0.303343       4.68212
0.843333       2.04702
0.0512278       4.13421
0.9502       3.20996
0.733162       2.56896
-0.883998       5.21056
-0.975776       4.79483
0.787842       5.91302
-0.178318       5.44852
0.705486       5.32136
-0.323596       4.82769
-0.40211       4.00763
-0.53107       4.67868
0.329267       4.94935
0.771276       0.959329
-0.608218       4.72499
-0.385126       1.60981
-0.741072       1.28478
-0.982975       6.25265
0.786289       1.88928
-0.599555       1.83976
-0.114511       5.20793
0.596441       2.05997
-0.659164       1.52037
0.457186       4.82892
-0.807553       2.9014
0.969642       2.50793
0.931335       5.70314
-0.769186       3.55795
-0.981394       4.67379
-0.506381       4.84715
-0.905862       5.19249
-0.0549836       4.13708
-0.419066       0.801046
-0.737545       1.26049
-0.738433       5.93998
0.674984       5.10534
0.191679       4.68415
-0.849975       2.66784
0.94936       1.4071
-0.783926       5.07748
-0.798139       0.673212
-0.0130495       4.05074
-0.836625       5.20297
0.802553       4.11809
0.756799       4.81286
0.870283       3.70576
-0.885826       2.1494
0.775714       2.65497
-0.251867       1.23006
0.308232       5.22814
0.807007       5.1935
-0.697059       4.08075
0.129569       0.925153
0.841688       0.78151
-0.289048       1.26764
0.458553       0.964701
-0.545125       1.82853
0.937924       0.751336
-0.749531       4.12617
0.433313       0.748549
-0.952388       5.76853
0.0969055       4.54215
0.489753       1.37451
-0.0587901       4.89962
0.0583899       1.1485
-0.580623       1.14508
0.90055       5.99348
-0.475146       4.66274
0.409556       1.14412
-0.152115       4.88775
0.715533       4.89503
0.711474       3.38922
0.496979       5.07429
0.863415       2.95168
0.699278       4.23756
0.451216       1.72589
0.0688823       1.31042
-0.740472       2.91597
0.913239       0.141738
-0.209909       1.25465
0.876328       0.61243
-0.820261       4.83624
-0.312202       4.83834
-0.450153       2.22125
0.942141       4.03205
0.37851       1.54734
0.740214       1.16529
-0.732185       5.39523
-0.877118       6.20261
0.708059       1.95744
0.473601       2.17697
-0.807925       3.08597
-0.730471       2.73654
-0.987975       2.33206
0.42098       1.63549
-0.756855       0.0600328
-0.454626       4.52979
0.511264       0.784665
-0.77414       1.14724
0.831582       0.0473103
0.878135       5.88831
0.254098       4.11144
-0.851989       6.23063
-0.789355       5.05185
-0.522307       4.19787
0.12913       4.05059
-0.3269       2.02568
0.112152       4.21258
0.566964       2.01225
-0.915134       3.36537
0.929169       5.75467
-0.880417       6.10189
0.22412       5.22255
0.889911       2.11599
-0.632745       4.31206
0.978047       4.11207
0.942874       3.95832
-0.750176       1.8302
0.978764       0.639059
0.420788       4.40651
-0.915895       3.42737
0.993358       4.35467
0.404691       2.00303
-0.883891       6.09163
0.946245       0.523175
0.813277       5.13562
0.028547       1.77128
-0.764075       1.27372
0.73604       2.90749
-0.496711       0.729903
-0.849403       2.26646
-0.182489       4.70097
0.641733       1.44227
0.301385       1.43403
0.949499       2.31264
-0.10701       1.52954
-0.379916       4.99332
-0.961473       4.96276
0.974406       5.6888
-0.89856       3.2591
-0.617262       0.98213
0.774148       1.80708
-0.352304       1.48122
0.296331       5.54026
0.539365       2.70016
0.952157       0.649727
-0.622305       1.99393
0.54971       4.1456
0.173267       1.9224
0.986212       1.01103
0.878486       2.37687
-0.771545       5.48832
-0.72799       0.00973048
-0.469966       2.36555
-0.776648       0.0400012
0.660467       4.53921
0.588573       4.44517
-0.986339       3.09638
-0.135019       4.25007
-0.656487       4.94834
0.128073       4.4458
0.814475       4.82063
0.585609       2.07605
0.201271       5.39643
-0.341251       4.63607
0.173887       1.96979
0.625087       1.19788
-0.862476       1.59866
0.304792       4.04076
0.915       0.197692
0.446755       4.8766
0.942434       0.0739478
0.998348       1.46633
-0.236927       1.3316
0.923154       2.82458
-0.426459       2.76725
0.880067       4.09093
0.664614       5.36064
-0.582099       5.42939
0.910498       5.36855
-0.41542       0.954864
0.722224       1.52099
-0.42744       1.01105
-0.254071       4.72205
-0.0555599       1.26659
0.776578       4.59825
0.985337       3.80627
0.0644897       1.8787
-0.596642       4.00274
-0.221279       5.17789
0.849907       1.20118
0.597438       4.517
0.480995       4.60568
-0.619027       6.27789
-0.133355       4.32023
-0.212616       1.53035
-0.624866       0.440294
0.936712       3.30833
-0.0992291       1.91515
0.935228       4.36124
0.0760152       0.823021
0.277017       1.98829
-0.890106       3.16004
-0.925574       0.111747
-0.251262       4.66484
0.693461       2.13188
-0.086628       2.03876
0.375453       4.42199
-0.670135       1.18531
0.255494       1.62404
-0.312925       3.5387
-0.960723       0.0794985
-0.938379       4.97322
0.867777       4.45973
-0.823016       0.504325
-0.74638       5.28165
0.306226       4.85312
-0.708494       1.37139
-0.5857       2.3875
-0.0588388       4.18751
-0.135735       1.83637
-0.0704146       1.56442
-0.847588       5.9411
0.649444       3.57831
0.187258       1.20642
-0.693702       1.8963
0.616231       4.86502
0.537944       1.43876
0.711058       0.166156
0.718372       3.63971
-0.249984       5.10079
-0.802459       3.64074
-0.644415       5.72155
-0.967491       1.43261
-0.799095       2.89116
-0.978366       4.05983
0.916345       3.26708
-0.475113       4.6318
-0.878878       4.99513
-0.883467       4.45623
0.779352       0.00948308
-0.769208       3.85965
0.756474       2.86754
0.944595       1.69044
0.888089       0.887128
0.894384       0.0811214
0.687465       3.41391
-0.691851       4.53772
-0.5906       1.69173
0.430656       1.34776
-0.338645       0.904751
-0.324891       4.41051
-0.257794       1.76466
-0.945466       0.0632361
-0.928796       0.80341
0.969913       0.618206
-0.242489       4.774
0.599569       0.840673
-0.67125       5.51945
0.731188       5.75446
0.789759       4.75891
-0.876017       6.11399
0.163584       4.92758
-0.560732       1.01591
0.844269       4.78336
0.502325       1.872
-0.847565       0.915854
-0.861983       1.48538
0.720335       4.49749
0.714609       4.93521
-0.349365       0.912528
-0.676203       3.45872
0.6894       4.16782
-0.533047       5.06087
-0.999319       1.72399
0.367443       5.17185
-0.538866       4.33958
0.815905       4.32371
0.350614       4.90708
0.303526       2.58139
-0.300299       1.62805
0.865053       6.13877
-0.968999       2.03522
0.00845531       5.04839
0.562396       0.9121
0.359372       5.30603
0.784219       5.94013
-0.814666       2.5486
0.657274       5.06706
0.419024       4.91003
0.729412       2.33706
0.889133       0.434591
0.751952       4.51513
-0.683537       2.33413
0.689903       0.414549
0.949006       2.511
0.523057       4.74144
-0.721258       0.62261
-0.588439       5.03528
-0.582787       0.764681
-0.313949       2.29233
-0.652576       0.661323
0.812631       3.21253
0.137865       1.89719
0.489172       2.22051
0.840697       5.98302
0.90098       2.20123
0.216369       2.17805
-0.657448       4.32426
-0.71172       5.24136
0.456954       0.550848
0.387464       1.63579
-0.76464       5.14161
-0.845264       1.81942
0.471168       2.2266
-0.943047       2.82471
0.845878       5.22199
-0.778497       1.0605
0.857281       0.985633
-0.848195       5.73194
-0.558556       1.55309
0.86088       1.63615
0.124497       1.15727
0.813853       4.89902
0.286023       5.3677
0.296973       5.01087
0.0338445       2.04198
-0.776261       1.61209
-0.592831       2.26126
-0.884969       4.38245
0.272518       5.15956
-0.469653       2.50483
-0.308883       2.01574
0.11504       4.57336
-0.646298       1.4264
-0.804138       1.18983
-0.975455       5.69722
-0.805628       4.68661
0.796837       5.01579
-0.658801       3.50658
-0.463275       4.46502
0.0919668       5.08012
0.197459       2.01966
-0.783935       4.28915
-0.310966       1.55502
0.266327       4.97186
0.222443       5.0365
0.672199       2.18649
0.931519       5.44897
0.496322       5.58328
0.335364       1.20296
-0.846785       3.14821
0.716615       4.47236
0.113998       4.81884
-0.0285717       4.78562
-0.666986       1.49902
0.996342       3.56922
-0.840701       0.941029
-0.963398       2.93854
0.733733       2.95334
-0.807606       2.07102
0.904166       2.85553
0.446238       1.6276
0.657554       2.1594
-0.964946       2.69571
-0.551903       3.98271
-0.173996       4.23327
-0.765153       2.03504
0.315933       1.53283
0.975746       3.78521
-0.815968       3.39252
0.150101       4.4112
0.599706       1.37813
0.839139       1.34143
0.143951       4.74428
-0.13334       0.942168
-0.561172       1.2904
-0.160104       1.28194
0.538255       4.63855
0.383237       2.33703
-0.645843       4.44287
-0.935087       2.52687
-0.162274       4.74372
-0.467123       0.821098
-0.45063       5.13821
-0.449591       4.25173
0.380039       1.58189
-0.507812       1.17408
0.540194       0.610253
0.945706       2.48821
-0.115061       4.81295
0.909775       4.69323
0.470804       1.84717
0.484256       1.58746
-0.170036       5.14851
-0.983054       2.55456
-0.261189       4.92805
0.159358       1.08673
-0.443837       4.90263
-0.578617       1.62034
-0.791741       3.4259
-0.340399       5.06226
0.0353305       1.28826
0.313608       4.70797
-0.286014       4.27465
-0.25264       2.20143
-0.200573       4.0085
0.954535       0.624675
-0.899565       0.548432
-0.689228       4.87769
0.710235       4.20675
-0.65349       0.846734
-0.574064       1.96775
-0.626035       5.36821
0.516767       1.37539
-0.0562261       4.84145
-0.856044       3.39547
-0.906434       4.29258
0.358758       5.13609
-0.693312       1.4669
-0.52142       1.17908
0.804466       1.55504
0.266025       4.28275
0.0691516       4.07122
-0.985786       3.66296
-0.70134       4.25938
0.112919       1.4768
-0.292001       1.00585
-0.399823       4.75653
0.692889       1.35557
-0.543449       1.91094
0.802409       6.07957
-0.460539       1.67064
-0.744072       5.8083
0.347475       1.24851
-0.553292       2.55138
-0.966266       4.19494
-0.716088       4.42744
0.512173       4.17709
-0.640695       5.27231
-0.599025       3.94012
0.353923       5.29748
-0.95274       0.487433
0.392099       4.78319
0.823961       1.28628
0.711815       1.0514
-0.607054       5.1889
-0.901211       3.9945
0.894249       3.78415
-0.804187       2.24267
-0.115209       3.25621
-0.36131       5.19245
0.517955       5.49492
0.962013       5.5127
-0.818368       4.44448
-0.542988       1.65543
-0.0838551       2.49879
0.086138       4.21266
-0.179377       4.29954
-0.501143       1.6185
-0.916659       4.90649
-0.807246       3.76259
0.319991       5.42022
0.131906       1.74237
0.857271       1.01195
-0.216354       2.16327
-0.832275       3.26801
-0.524755       2.34104
-0.936043       2.72312
-0.693174       3.64193
-0.481509       1.33154
-0.59024       1.72112
-0.383042       3.82346
0.27913       1.9757
-0.862519       4.96773
0.585169       2.44084
-0.922339       1.31292
0.265226       2.42195
-0.286952       4.18149
0.454338       2.30104
-0.517649       5.4324
-0.809253       5.3583
-0.281633       5.088
-0.782263       1.7765
-0.477964       0.741374
0.41932       2.00202
0.675861       3.75142
0.20534       1.89353
-0.445865       1.66072
-0.328339       1.06586
-0.212969       4.88592
-0.594274       5.05487
-0.70163       1.88659
-0.582004       4.46048
-0.748029       4.76954
-0.79193       2.94538
0.0853216       4.30037
0.151907       2.31654
0.496624       4.53244
-0.99119       3.01218
-0.790927       2.79891
-0.851814       2.25994
-0.617756       4.30282
0.638508       3.4084
-0.871908       1.4688
0.911572       3.63476
-0.338329       1.76315
0.119953       2.18172
0.972683       2.01406
0.375285       1.70444
-0.778139       3.53533
0.0302368       1.81321
-0.625175       4.36728
0.508101       1.65617
0.782512       4.85305
-0.924145       1.74299
0.866185       3.882
-0.124986       1.97152
0.347077       1.94384
-0.439512       5.22569
0.890054       5.19764
-0.426465       5.30276
-0.420381       2.59871
0.965759       2.85535
0.537268       5.40873
0.67616       5.26608
-0.159603       1.25739
0.425048       4.04987
0.782932       2.66214
0.360841       3.25979
-0.448402       5.07135
0.251029       3.97211
0.0886965       4.56067
0.72695       0.409872
-0.887758       0.192654
-0.833427       4.89292
-0.472123       3.78789
-0.273769       5.43185
-0.942474       1.48116
0.690261       0.0442409
0.657886       4.10862
0.698559       4.9196
0.746318       5.48806
0.458382       4.38742
-0.294421       4.47815
-0.850495       2.64797
0.734198       2.43251
0.232024       4.46428
-0.418842       2.0414
0.454278       1.46849
0.665902       0.104686
-0.922009       0.655337
0.635725       3.05654
-0.573735       4.39969
-0.393257       1.58905
0.302588       3.8501
-0.758328       3.5724
-0.97122       3.92093
-0.546178       3.99655
-0.674973       1.99014
-0.88394       3.5015
-0.0289051       2.1062
0.889204       4.16398
0.880107       4.40633
0.215823       1.58821
0.468061       4.62762
-0.769301       0.0203926
0.657279       0.251583
0.57057       0.645489
0.36773       1.19586
0.128428       5.35671
0.91977       1.68031
-0.24699       1.43091
0.914612       2.6704
-0.93468       2.49824
-0.184799       4.94346
-0.319548       2.2084
-0.548042       1.75481
0.965872       3.07185
-0.0389163       5.1303
-0.563712       1.84914
0.975071       0.809124
-0.815279       1.35472
-0.746872       3.7518
-0.744521       5.96378
0.898505       5.13136
0.11521       5.10447
-0.436658       1.72449
-0.715593       1.64933
-0.384032       1.51517
-0.473569       5.8718
0.739426       5.51181
0.668197       2.09426
0.654063       0.594625
0.328421       1.93649
-0.540536       1.32291
0.216362       1.60805
0.0587643       5.22371
-0.803246       4.94242
-0.238021       1.86163
-0.886039       2.28584
0.715568       4.34442
-0.821731       0.621033
-0.286795       1.89211
0.157856       1.89146
-0.680759       5.6612
-0.246897       1.97124
0.200129       4.88117
-0.649382       4.94134
-0.716672       2.62139
0.333036       2.02103
-0.239811       6.01711
0.855728       3.99395
-0.926968       1.62753
-0.824679       1.59107
0.55624       2.29451
-0.469501       0.748578
0.616839       1.45378
0.638256       1.97487
-0.915958       1.10085
0.917092       2.03695
-0.0586416       5.23846
-0.877238       2.54599
-0.904983       3.64274
-0.462626       5.82813
-0.547957       3.85099
0.189409       1.46198
0.534469       2.45328
-0.526438       1.90132
-0.580969       0.549142
-0.637154       2.66256
-0.910056       0.0127754
-0.583734       1.50143
-0.511938       2.20165
0.668009       3.79805
0.611521       1.4851
-0.172629       1.16628
-0.758089       3.16136
0.537058       1.70463
0.543979       3.96819
0.236217       1.05229
-0.661583       1.37605
0.050324       1.13112
0.106448       4.03833
-0.707196       4.72933
-0.294308       3.87306
-0.463353       4.52961
0.322558       1.48365
0.84439       1.108
-0.150284       4.71122
-0.756266       1.50251
-0.824606       3.98555
0.69356       0.634365
-0.441375       4.16347
0.992977       2.29676
-0.85888       5.06202
-0.411534       4.63893
-0.145597       4.54019
0.677334       1.93412
-0.874722       3.34789
-0.387041       4.41761
0.213768       4.52989
0.00314976       2.12674
0.740818       4.47519
-0.202584       4.77408
0.862369       0.741713
-0.150211       1.62017
-0.480146       1.43593
-0.253473       1.18102
0.73146       5.9541
0.963599       4.66172
-0.535999       4.99918
0.783184       0.119935
-0.0866522       4.82939
-0.3702       5.12095
-0.925509       5.86636
0.114224       1.65983
0.041066       2.04218
-0.950368       3.33587
0.753057       5.91093
-0.0979398       1.6574
0.781633       3.73521
-0.316952       1.29047
0.349331       5.23014
-0.387862       4.17747
-0.840147       5.22851
-0.648181       4.53054
-0.739749       6.07476
-0.252192       4.59694
-0.20892       2.22053
0.343863       3.97006
0.89723       4.16504
-0.692546       3.78741
0.321785       4.99214
0.731862       1.55348
0.573364       5.38405
0.780233       1.06885
0.731363       2.47111
-0.745925       1.5734
0.0432537       2.1224
-0.93158       3.62453
0.166722       2.16352
0.356662       4.90016
-0.180243       5.18641
-0.0830954       4.73537
-0.255415       1.99227
-0.0899767       2.14115
-0.254871       1.47122
0.664317       0.840397
0.769463       1.40721
-0.919725       4.51565
0.59073       1.40291
0.831802       3.20002
-0.514901       1.46289
-0.815281       1.66739
0.27361       5.07064
0.853174       1.22103
0.988786       4.78961
-0.75532       2.63982
0.0211775       1.93888
-0.188273       4.78556
0.910246       0.213958
-0.518881       5.06358
-0.129844       0.916042
0.920884       4.46044
0.111188       5.2394
0.759614       4.53177
-0.102848       1.21473
0.661949       1.18316
-0.093284       3.99102
-0.301197       0.796485
0.238911       4.57903
0.89129       4.31072
-0.00642095       5.03344
0.775338       1.38158
-0.669342       2.06346
0.639149       4.55442
-0.665066       4.78597
-0.378981       2.27589
-0.113266       1.36621
-0.758385       4.28296
0.467559       1.41222
-0.139769       4.72895
-0.709925       4.47885
0.255662       5.48029
-0.969972       2.65546
-0.575659       0.910877
-0.890283       0.570054
-0.712128       2.1517
0.622895       4.52047
0.0128013       1.48965
0.934082       4.6249
-0.0777036       0.766424
0.763487       2.34087
0.531276       1.96039
0.836426       3.16265
0.85417       2.74381
-0.757273       4.5724
0.031316       1.5924
-0.346133       5.22536
-0.392374       1.79163
-0.798011       0.0680881
-0.447044       5.17767
-0.905255       1.6779
-0.864932       3.02407
0.700889       2.83764
0.0825117       1.98244
-0.406331       1.41021
0.470987       4.003
0.995374       0.18642
-0.846371       3.48788
-0.685343       2.56643
0.834498       1.42487
-0.870142       4.51213
0.353917       2.08421
0.880057       0.125986
-0.827333       1.91657
0.448721       0.87014
0.140563       4.98758
0.0310371       4.35986
-0.638747       3.83082
0.444663       5.29147
0.334535       3.87089
-0.9513       0.772867
0.873291       0.604403
0.265734       1.99963
-0.924711       4.29618
0.711416       2.09671
-0.478568       5.13836
0.853889       5.47815
0.0436577       1.4387
0.596739       0.553713
0.808054       1.79791
0.396502       4.54699
0.50085       4.48521
-0.85794       3.78252
0.761105       0.461236
0.444917       1.51119
0.523869       0.844916
0.831528       1.63323
0.604931       1.8993
-0.193956       2.2219
-0.971359       3.18344
-0.485524       4.7619
0.645685       1.66633
-0.648788       2.33521
0.584199       0.918655
0.879066       0.852063
0.927138       2.75729
-0.18532       4.29753
0.291602       1.42675
0.861794       4.91803
0.375419       1.46375
0.979858       1.00984
0.729013       4.82189
-0.706944       1.61418
-0.873681       3.86512
0.630744       1.03615
-0.145858       1.14484
0.753089       1.06165
0.349983       5.25499
-0.616714       2.15335
0.612225       1.2101
0.979959       0.764236
0.263287       1.26977
0.0284422       4.92864
-0.559785       5.32353
-0.576135       1.55358
0.215531       1.06847
-0.594927       4.22919
-0.719677       1.37833
-0.55621       5.22099
-0.503246       4.82297
0.846202       0.780691
0.768886       5.73743
0.733426       2.11523
-0.8916       5.69698
-0.930682       1.50729
-0.854294       0.644741
-0.948634       2.0846
0.932007       4.9915
0.868075       5.59504
0.325253       5.77429
0.0465069       5.47178
0.542222       4.47322
-0.879419       2.14422
0.44876       0.897822
0.811416       0.221392
-0.892295       5.4566
-0.760492       0.320109
0.465371       4.86334
-0.925834       4.46177
0.924547       1.71504
0.632771       1.21244
0.695445       2.61997
0.319157       4.67575
0.608211       3.05633
0.677957       2.03025
0.65552       1.39173
-0.109526       2.00001
-0.472833       2.15661
0.958792       0.262125
-0.861048       4.58748
0.723845       2.54726
-0.950223       5.36236
-0.990946       1.03515
0.364457       1.63488
0.589327       4.79457
0.632616       2.01573
-0.852192       4.04973
0.634268       5.32342
0.896572       4.41518
-0.742949       6.20093
0.67988       4.16014
0.995133       0.902179
-0.0952095       2.24333
0.692076       2.0652
0.744365       2.51724
0.701679       2.20386
-0.996834       6.1995
-0.661061       2.88561
0.206       5.12912
0.721696       4.83805
0.913375       1.88425
-0.784216       4.76121
-0.639304       5.25745
-0.816471       1.58698
0.868222       2.79807
-0.140684       4.27973
0.716348       5.31366
-0.764561       5.72848
-0.995956       3.59735
0.878414       3.60479
-0.697465       1.02203
0.609126       2.21022
-0.523397       5.40493
0.675569       4.62943
0.498817       5.48088
-0.991269       3.72368
0.570346       3.91097
-0.773714       0.926086
0.814072       1.53938
0.220602       4.55502
-0.267108       4.52349
-0.372252       4.58663
-0.376554       2.49143
0.659539       5.33582
-0.617076       2.04913
0.914556       2.51955
-0.110175       4.93585
-0.642402       0.476879
0.709403       0.975544
0.0846871       1.57373
-0.679672       4.28161
0.682753       1.90014
0.428801       4.96637
-0.401534       5.39954
-0.53464       4.27948
0.692492       1.74308
-0.817311       5.54461
-0.849025       4.16007
-0.453507       4.60835
-0.380088       1.57016
0.861899       4.87822
-0.920574       3.64971
-0.443828       1.44258
-0.177299       4.92095
0.691644       1.71235
-0.68749       0.131183
0.805534       0.412731
-0.621094       3.51077
0.450934       4.47314
0.251141       4.81206
-0.405501       0.817265
0.286923       1.5725
0.736324       0.918161
0.875046       1.46625
-0.545306       1.91976
-0.667232       0.0847165
-0.660471       5.04214
0.86649       1.49332
-0.812854       1.54227
-0.355227       0.932073
-0.848859       1.22634
0.598215       2.1727
-0.92947       6.05924
-0.51041       1.49775
0.522782       4.27626
0.483355       1.3412
-0.978089       3.41389
-0.196716       5.04006
0.544416       4.68169
-0.745713       4.7283
0.52899       1.39736
0.260298       1.28313
0.704127       4.75466
-0.697237       1.8133
0.0587673       4.62165
-0.85366       2.0194
0.96751       5.42309
-0.765307       4.48426
-0.526079       4.37557
-0.488886       0.636712
0.802315       0.185149
0.986732       2.63519
-0.838929       2.57864
-0.285553       1.25564
-0.918959       5.95035
-0.859255       0.573603
-0.104126       5.42865
-0.914741       5.06947
-0.427189       1.97612
0.668908       2.61856
0.927419       4.22766
0.87751       2.35336
-0.909467       2.94981
0.216756       4.14045
-0.463004       5.19303
0.00204061       4.5286
-0.142014       1.93942
-0.136939       4.42658
-0.468013       2.16886
0.941799       1.19117
-0.883355       0.42556
-0.365861       3.75205
-0.982715       2.93446
-0.0400036       4.18882
-0.642027       0.695213
0.3272       2.09548
0.572606       5.05014
0.297608       1.28533
0.584909       5.09674
-0.396333       1.59573
-0.352506       5.19665
-0.252932       4.46804
0.332944       1.92828
-0.235805       4.34806
-0.889959       0.769615
-0.702358       2.0011
-0.996706       5.83167
0.793945       2.90975
-0.0645719       4.29671
0.056047       1.56719
-0.686396       5.19117
-0.878839       3.69204
0.37297       1.08289
0.957735       4.51371
-0.908719       3.07535
0.516894       1.52662
-0.896098       4.7156
-0.00674388       4.9224
0.797758       4.75753
0.961345       4.26621
-0.926752       6.08515
-0.942794       0.336233
-0.42267       5.43795
-0.470739       4.83482
-0.818018       1.41288
-0.46523       1.5309
0.942365       2.53963
-0.660088       1.66157
0.0702851       1.96629
0.12274       4.31129
0.319651       4.41628
-0.130144       1.70027
0.415555       1.1081
0.765214       0.41536
-0.47718       4.46199
0.458844       5.04477
-0.812142       3.31685
-0.779805       3.42381
0.872009       5.73904
0.395166       2.20524
0.929043       5.92457
0.999304       0.620515
0.443074       4.03038
-0.771475       4.43163
-0.852696       0.706809
-0.870738       5.65924
0.753668       0.854285
-0.512777       1.04329
0.605337       4.55878
0.404299       4.58823
-0.725895       4.41404
-0.588328       4.73132
-0.955073       2.65347
-0.399117       2.08257
0.835778       3.05292
-0.587655       5.31802
-0.64387       3.90273
0.753271       1.79209
-0.603018       4.60345
-0.0819455       5.05294
-0.810318       4.53772
-0.795536       1.74361
-0.761563       1.00809
0.807662       2.21389
-0.0265025       5.91045
-0.754394       1.84062
-0.308077       0.421486
0.736066       5.32701
0.945918       4.23796
-0.812942       4.50659
-0.915442       3.73771
-0.259577       2.18752
-0.0133025       1.7442
-0.662524       0.966064
0.822926       3.50081
-0.574326       4.21358
-0.680452       2.25644
-0.59843       0.256624
-0.465175       4.61326
-0.631343       2.35265
0.891416       3.44906
0.783614       2.75193
-0.547714       5.70312
-0.813077       1.31157
-0.731458       3.07486
-0.984467       5.92004
-0.786344       5.29187
0.855591       1.76267
-0.790045       2.96771
-0.415726       4.15719
0.902596       0.155149
0.849946       4.93145
0.846732       6.1411
-0.716326       1.57757
-0.780015       2.49852
-0.526859       4.71356
0.0200112       1.94528
0.586306       3.65746
-0.944689       5.02951
-0.0248121       0.812196
-0.936941       5.88361
0.819871       0.104223
0.761651       2.01836
-0.705184       1.3178
-0.495173       2.04161
0.631245       2.0104
0.995986       4.67951
-0.455755       2.19956
-0.64689       4.03376
-0.652553       0.979685
0.810213       2.89414
0.631754       2.08086
0.38227       4.51065
-0.0868689       4.76156
-0.997632       6.01864
0.165821       4.27749
-0.661336       2.2527
0.850024       5.59174
-0.569913       5.40621
-0.134144       4.81874
0.988396       2.23802
0.289596       1.35896
0.874879       3.19322
-0.253466       2.53925
0.962236       1.73513
-0.104221       5.3561
-0.514202       4.14546
-0.194961       2.16743
-0.874836       2.94849
-0.625097       2.1948
0.468966       4.92173
-0.282209       1.60326
0.770093       0.967995
0.617712       0.789533
0.734016       2.10446
0.990287       6.13663
0.529237       1.37304
0.0144338       4.74457
0.851224       1.90425
0.931123       5.67594
0.94784       6.18566
-0.366056       1.99896
-0.118811       5.15627
-0.995371       0.68251
0.769128       3.13718
-0.657896       3.70822
0.404643       4.75459
0.971865       4.76831
-0.718012       1.02898
-0.980313       0.84719
-0.012433       0.620762
-0.128579       4.85307
-0.999297       3.6717
0.635207       2.05232
-0.912311       2.13826
-0.800192       4.35312
-0.600767       4.77745
0.105453       4.24614
0.747463       1.19869
-0.998472       6.04216
0.692609       4.51255
-0.585657       1.36711
-0.730622       0.536617
0.426124       1.01254
-0.12941       1.13448
-0.628069       3.73955
-0.666075       4.92688
0.781539       2.97528
-0.741129       0.871421
0.732619       1.5223
0.992531       1.42728
-0.62954       4.73911
0.732968       2.07293
-0.870446       4.0225
0.167724       0.973311
-0.950488       5.35218
-0.866071       6.13812
-0.909599       2.28013
0.0199683       1.70874
-0.568769       1.60493
0.999144       2.2489
0.525584       4.28392
0.995916       4.0545
-0.298509       4.04243
-0.117151       1.54421
-0.55704       4.64328
-0.347245       1.15411
0.127316       1.31166
0.101908       5.16253
0.715248       3.32251
0.156125       1.36957
0.854941       5.34468
-0.696816       2.20029
-0.796482       1.23251
0.907858       4.34167
0.975232       4.28048
-0.473922       0.448149
0.692476       0.933719
0.881462       2.73337
0.663571       5.12243
0.0973069       1.72179
0.59797       6.02734
-0.56338       5.12989
0.740472       5.21481
-0.962405       5.96012
-0.790641       1.61608
0.938071       5.26974
-0.722727       1.47147
-0.695769       0.282593
-0.210304       1.03973
-0.657432       4.96977
-0.363776       5.12786
0.89734       4.22557
0.955484       4.19385
-0.217871       1.55814
0.233744       0.905991
-0.157114       4.71667
-0.982617       2.12754
-0.775752       0.609733
-0.273266       2.12399
0.183391       4.16299
-0.745073       1.96793
0.669052       4.13946
-0.6166       5.51751
-0.481378       4.97156
-0.0554827       5.06267
-0.459423       1.88003
0.888137       1.0638
-0.848166       4.55392
-0.652888       5.26464
0.497896       1.33046
0.69245       1.84817
-0.835949       5.07898
-0.678136       2.11917
-0.300014       4.84682
-0.567153       5.26564
0.699122       3.75952
0.153985       2.15256
0.472602       1.26696
0.130782       4.13422
0.413618       1.27887
-0.897527       5.32399
0.201569       1.13243
-0.712818       4.93005
0.668358       4.23011
0.7526       3.7616
0.483875       5.1877
-0.389502       4.82694
-0.209152       1.96534
-0.669374       0.875388
-0.190199       5.28597
0.0419926       6.01671
0.350051       3.92878
-0.812231       3.47254
0.294924       4.39992
-0.739432       3.35772
-0.926474       1.46114
0.482862       4.52332
-0.284438       4.35855
0.739545       2.84159
-0.859632       0.765643
-0.984964       4.88694
-0.910873       2.9323
-0.654011       5.08771
0.236756       1.29829
-0.50161       4.08518
0.561614       0.967982
-0.97293       1.50214
-0.281109       4.92191
0.913564       4.87761
0.7194       0.0607299
-0.924218       3.30693
-0.921185       2.73981
-0.998361       3.13918
-0.564375       0.735183
0.934228       0.972816
-0.742798       2.6266
0.702456       4.46469
0.453506       5.33942
-0.0790257       0.748122
0.608312       1.59658
0.814714       1.31373
0.767666       5.05355
0.1783       1.59173
-0.91421       6.04862
0.600127       1.40684
0.776779       0.524602
0.901743       3.66812
0.156858       1.90435
-0.374243       2.0185
-0.328994       0.94226
-0.452762       1.31481
-0.933098       2.66312
0.232569       4.15798
0.0823624       4.90289
0.645382       4.668
0.357338       4.30416
0.874301       3.38543
-0.302552       0.561633
-0.00585453       4.73183
-0.0550191       5.54149
0.67502       0.88689
-0.971085       0.801452
0.56391       1.07992
-0.707722       1.18305
-0.141966       4.65895
-0.920204       3.99122
-0.879674       4.33525
0.754411       2.58627
-0.440111       0.65528
0.294448       4.40711
0.942537       1.43245
0.728803       3.23114
-0.860193       3.57569
-0.698223       5.44849
-0.29363       5.39674
-0.0218351       4.00948
0.344327       5.05659
0.6059       1.30113
0.0710097       2.12178
-0.703574       1.5147
-0.26933       4.2817
0.659357       5.4989
-0.286495       1.72865
0.630587       1.5021
-0.948943       2.47136
-0.762342       1.03565
-0.483542       3.92697
0.0883815       2.88648
0.237513       1.17345
-0.644966       5.88064
0.788382       1.45395
0.34893       3.9577
-0.226534       1.81633
0.66514       1.96912
-0.034617       0.967303
-0.586353       3.9306
0.991266       1.76163
-0.0169746       5.42794
0.280136       2.37567
0.782185       5.43448
0.694038       0.493202
0.582615       4.35523
0.956686       4.23568
-0.780464       1.21943
0.794206       1.39609
-0.745329       5.41211
0.186462       1.39072
0.0156402       4.54995
-0.84795       1.39949
-0.838469       4.62461
0.749032       4.57615
0.465596       1.68127
0.424892       4.9503
0.756051       1.53122
0.647817       1.66357
-0.268424       5.28306
-0.805272       5.10737
0.67198       1.64992
-0.938913       1.86288
0.927903       4.63714
-0.950497       1.71447
-0.896144       5.15615
-0.740573       6.00345
-0.258821       5.22847
-0.797145       0.973355
0.664318       4.33375
0.788477       3.3537
-0.872075       4.07125
0.62323       0.801578
0.888662       5.77479
-0.962879       5.47654
-0.912347       1.99602
-0.766612       3.02141
-0.729449       2.4225
-0.300726       1.00169
0.0791566       2.02601
0.112237       5.24727
0.766598       5.17781
0.619813       1.57464
-0.0915132       4.71922
0.976932       4.5802
-0.611305       2.46926
0.903781       4.83341
0.719613       4.09616
0.847438       0.896215
-0.104859       1.95061
0.661568       4.35453
-0.757306       2.43315
0.455623       3.87188
-0.00259306       4.8125
-0.65834       1.05633
0.655301       0.35491
0.380206       4.18477
-0.357727       5.52348
0.299484       1.54409
-0.827253       2.92592
-0.0325319       2.28904
0.930166       0.320973
0.397284       1.24716
-0.0689781       4.079
-0.792625       5.77681
-0.26893       4.02505
0.885947       3.79257
-0.668893       4.88874
0.99832       5.85943
0.78137       2.17873
-0.219407       5.03589
0.629159       4.03785
0.132613       2.06053
0.822505       6.11032
0.718187       5.70896
0.611837       1.99714
0.722968       0.0459277
0.574657       4.84149
-0.971626       5.69424
-0.81923       1.09469
0.34058       0.998422
-0.425177       4.73995
-0.732744       2.32111
-0.746658       4.84651
0.922288       1.8919
0.851232       3.87553
0.12501       4.72126
-0.776527       5.90265
0.595003       2.52129
-0.838303       1.27385
-0.953687       4.61326
-0.756189       2.5439
-0.978762       1.26693
0.785035       2.03284
-0.80686       5.1575
0.805389       0.138169
0.876688       0.253449
-0.587119       1.40755
0.939049       2.87618
0.577234       1.37122
0.905608       0.23314
-0.991289       1.64133
0.909052       5.96663
-0.69834       4.99913
0.290412       1.42941
-0.993178       4.92811
0.67648       1.58647
0.379025       0.426015
-0.183866       1.68498
0.0652377       5.08115
-0.813333       4.32776
-0.6988       5.33335
0.380969       4.94977
0.71535       0.671121
0.0989183       0.999044
-0.378084       4.90818
0.00672648       1.48586
-0.73829       5.52682
-0.807912       1.4221
-0.124183       5.17756
0.376226       4.89156
0.919088       2.91173
-0.0592538       5.14803
-0.709212       2.84281
0.90899       3.80444
-0.21416       1.56254
-0.594105       3.83029
-0.839338       2.2871
-0.489018       5.7894
-0.251619       5.52144
0.483537       1.44438
-0.676715       4.14378
-0.900113       0.99078
-0.555085       1.3145
-0.108957       5.30763
0.866305       2.82905
-0.278682       5.17649
-0.202032       4.37049
-0.0599614       5.06892
-0.903842       1.31909
-0.59302       4.48122
0.657514       5.43076
-0.463338       5.24396
-0.65848       2.87844
0.737969       1.10272
0.728235       0.441038
-0.534982       4.61034
0.716986       5.34433
0.0252748       4.99094
0.661567       1.05282
0.899133       5.98696
0.0808148       0.648566
-0.998786       5.904
-0.996429       3.83557
-0.879264       4.95811
0.548278       4.98755
-0.426895       3.94945
0.00761758       5.0893
0.714006       3.81314
-0.959616       0.457879
-0.623455       4.84888
0.429124       5.09054
0.919697       0.162473
-0.10862       4.93457
-0.912629       4.67671
0.905852       5.50601
0.829936       1.78572
-0.106943       4.65193
-0.666311       4.1011
0.395957       0.868372
-0.0660801       5.54933
0.516691       0.78615
-0.791149       3.83123
-0.509967       0.834031
-0.461884       1.15641
-0.754957       4.33825
-0.680807       0.155646
0.932353       1.09173
0.352426       1.75313
-0.378191       1.91736
-0.971801       0.1077
-0.126998       5.35564
0.559008       2.41747
-0.94827       3.29454
0.875058       2.13174
0.843993       5.20158
-0.842367       5.2932
0.553357       4.19582
-0.758263       3.45168
0.280602       1.17397
0.773546       2.06891
-0.215552       5.0174
-0.645438       0.709753
-0.0643051       2.12188
-0.0136545       1.57478
-0.487007       1.46651
0.931974       3.17462
-0.145089       4.6711
-0.418052       0.790275
0.0346072       4.79094
0.740269       5.8704
0.845978       6.00822
0.243193       5.45115
-0.0669891       4.64828
0.243502       4.98201
-0.0450912       5.20725
0.19992       1.59905
0.225247       6.03108
-0.572426       1.63181
0.734294       5.13915
0.125858       1.54799
-0.316718       1.05894
0.453101       2.07471
0.602861       1.68616
-0.427733       2.47195
-0.722907       5.44377
0.958246       5.24329
-0.155542       5.14011
-0.547709       4.3284
0.850587       2.99613
-0.550589       2.1628
-0.783066       5.24786
0.905755       0.698373
-0.248298       1.78764
-0.20825       2.3117
-0.934802       0.466094
0.97944       0.907116
0.717663       3.33799
-0.852371       1.10004
-0.36549       1.19278
0.0124802       1.09493
-0.523569       4.47151
-0.913544       6.10221
0.679927       1.06702
0.348652       5.19524
-0.361674       1.3432
0.797849       4.99722
-0.865932       0.551372
-0.99374       1.11732
-0.926086       4.02968
-0.737534       3.91564
0.575652       4.41722
-0.779873       1.58292
0.0295498       3.88654
0.936274       0.90489
-0.639787       2.27909
-0.0783643       4.11417
0.0074601       3.95872
-0.915471       1.48635
0.754936       6.17337
-0.843225       0.0956935
-0.802498       5.51634
-0.942716       2.56444
-0.988811       4.98513
0.501855       3.84984
0.282009       5.01323
0.925102       4.77368
0.678457       5.14411
0.373642       1.3967
-0.763214       0.879032
0.869097       5.96525
-0.09222       4.4666
-0.674447       1.39025
-0.866397       5.38996
0.615161       0.642905
0.801444       5.48098
-0.472745       4.78257
0.699557       2.21479
0.939198       0.482042
0.882242       5.13256
-0.432948       4.65181
0.0593672       1.19454
-0.715913       5.51065
0.750418       4.45383
0.885735       5.47289
0.200398       4.569
-0.968992       4.62227
0.295141       3.94973
-0.429187       1.4554
0.550621       1.50714
-0.494106       5.24672
0.619378       2.21097
0.396118       3.08623
0.942721       3.10448
-0.840709       0.937811
-0.596536       5.13311
-0.0611029       4.44622
-0.420203       4.95161
0.543099       4.45183
0.830862       1.46658
-0.466945       1.81792
-0.0289978       5.12656
-0.425753       5.27838
-0.349873       1.41188
-0.567101       3.98853
0.404079       1.10794
0.0281167       5.05246
0.330263       2.04803
0.758389       4.27992
0.561956       3.86623
0.328089       3.74615
-0.0312607       3.44982
-0.13067       1.26493
-0.692261       1.43523
-0.872408       2.18017
-0.224958       3.66432
0.393764       0.729581
-0.77407       1.42813
-0.963643       3.46047
0.557091       2.08525
-0.61574       2.90134
0.0037282       2.03468
0.913015       3.42638
0.0682185       2.01538
-0.167506       1.60468
-0.737879       1.00778
0.783289       0.163666
-0.146875       0.802403
0.679575       4.5409
-0.0975686       1.31769
0.0277682       5.23413
-0.48228       1.86121
-0.220576       4.33442
-0.857382       1.15028
-0.00452564       4.76617
-0.412637       4.58403
0.972635       5.64453
-0.33956       0.91223
0.0227978       1.54075
-0.222372       2.07045
0.765744       4.42523
0.913646       3.87756
0.876081       1.3788
-0.715556       2.53121
0.870595       0.784016
-0.289729       1.92446
0.783415       5.32264
0.950581       1.72926
-0.397946       4.60361
-0.96037       2.17094
-0.588752       1.99183
-0.954055       2.80032
-0.768895       0.440354
0.955285       3.40822
-0.0210716       5.05346
-0.969725       1.47976
-0.696732       0.965747
0.540438       1.09963
-0.684023       3.60901
0.620721       4.84796
0.188014       5.29391
0.0941376       1.69571
0.992644       5.52291
0.495941       5.46358
0.581561       1.1852
-0.0914097       1.81207
-0.788826       6.28293
-0.976233       0.571381
-0.931892       3.11062
0.27798       4.42447
0.280151       1.46027
0.501406       4.2981
0.193078       4.09063
-0.440906       1.1847
-0.674787       2.83837
0.72481       1.76543
0.943103       5.77381
-0.654681       0.946531
0.0683213       2.08502
-0.79786       4.887
-0.289356       4.54031
0.0265143       1.21959
-0.321419       5.00652
0.0464981       4.854
0.83116       1.8923
0.0961921       1.98114
0.308323       4.8134
-0.181881       4.55597
-0.860677       4.55352
-0.0519701       4.53209
0.568773       2.18576
0.867384       5.33649
-0.761683       4.21853
0.680346       1.28675
0.59454       5.44796
0.474157       2.28149
0.667283       1.23381
0.846361       3.71297
-0.976143       1.43333
0.493827       1.52021
-0.938229       3.19628
-0.252173       1.71294
0.396       1.74752
-0.843715       3.15127
-0.830141       3.34131
0.380321       1.55385
-0.217203       1.52795
0.685473       4.11194
0.634223       3.95986
0.163764       2.27931
-0.933655       4.39606
0.203795       5.41496
0.93905       4.21222
-0.0822106       4.96703
-0.962865       5.33051
0.1533       1.6932
-0.634573       5.05177
0.996558       0.865784
