0.141347 -1.41642 -0.729709 1.60308 -0.538581 1.5904 -1.37566 2.17326  
0.527351 1.59444 1.11743 2.01994 0.165157 -1.09707 -0.547136 1.24152  
-0.162268 1.44669 0.570652 1.56718 0.286177 -1.6095 0.771725 1.81083  
-0.885158 1.05982 0.849122 1.62447 1.37758 -0.389307 -0.71207 1.60234  
0.728936 1.11871 -0.723341 1.52225 -1.11463 -1.38284 -0.985941 2.03418  
1.95337 0.260724 -0.363505 2.00672 -1.16658 -0.214817 0.0883477 1.19416  
0.261668 -1.10015 -1.27874 1.7103 0.0709551 1.1107 0.883355 1.42484  
1.34893 -0.0426191 -2.02266e-05 1.35373 -1.70797 0.0492695 -0.71317 1.85455  
0.441323 -1.64554 0.990277 1.97342 -0.372245 1.31529 1.41642 1.97128  
0.558578 1.36715 0.679804 1.62923 0.0373324 -1.63205 1.30096 2.09013  
1.233 -0.272908 -0.0344729 1.26772 -1.6313 0.246117 -1.41545 2.17632  
-1.0828 1.369 -0.228033 1.76346 0.658281 -1.1819 -0.668387 1.51266  
-1.69103 0.115309 -1.33479 2.16002 1.33538 0.127681 -0.408394 1.40623  
-0.849038 -1.17947 -0.779115 1.65233 0.869492 1.37042 -0.912771 1.86504  
-0.996159 -1.03957 -0.364247 1.48892 1.02221 1.29997 -0.170179 1.66582  
0.984186 0.747511 0.649071 1.39995 -0.819383 -0.835793 -1.32637 1.77211  
-0.865944 1.19523 1.20191 1.90635 0.568893 -1.53543 0.819098 1.83392  
0.368192 1.13756 1.24539 1.72967 -0.687587 -1.79285 1.10538 2.21813  
-1.18404 -0.605073 -1.48695 1.99756 1.71222 0.464022 -1.3152 2.21087  
-1.36686 -0.0502692 -0.363922 1.41931 1.66565 0.466975 -1.13496 2.07165  
0.870433 -1.34542 0.899663 1.84075 -0.758034 0.713223 -0.793354 1.31296  
0.22695 -1.19615 0.493677 1.31801 -0.96204 1.72644 0.189902 1.9883  
1.59085 -0.513868 -0.835525 1.87193 -1.34892 0.235224 -0.0240206 1.37356  
-1.5293 0.563471 1.71616 2.3691 1.4917 -0.121191 1.61735 2.20609  
-0.417856 -1.28956 -1.36268 1.925 0.455863 1.18705 0.374164 1.32968  
-0.47516 1.44167 -0.608745 1.63888 0.553351 -1.45387 -0.748617 1.7296  
0.0816162 -1.3673 0.548955 1.47942 0.339203 1.34607 -0.909469 1.66291  
-1.50659 0.68331 1.47399 2.21823 1.19498 -0.628708 0.431727 1.42155  
-1.05652 -0.844627 -0.350466 1.40129 0.961885 1.46672 0.181059 1.76648  
1.34294 0.773646 -0.0205199 1.55358 -1.25536 -0.74549 -0.690981 1.61873  
-0.924168 -1.52678 1.61537 2.40951 0.448999 0.978989 -0.152902 1.09296  
0.85492 -1.56144 -1.97976 2.66451 -0.71876 0.375578 0.497554 0.957287  
-0.296225 1.15111 -0.0338658 1.19378 0.641868 -1.74115 1.05527 2.13737  
1.1634 -1.20157 1.44028 2.20971 -0.87239 1.14666 0.974196 1.74245  
-1.22081 0.0762626 0.993512 1.57937 1.04097 -0.220218 -1.1171 1.54635  
-1.21169 -0.499127 -0.48767 1.40225 1.40724 0.0793358 1.12074 1.80384  
-1.40423 -0.974323 -1.05169 2.00957 1.02125 0.938359 -0.971212 1.69643  
1.10214 1.32853 0.835489 1.92065 -1.13176 -0.797979 1.10274 1.77337  
0.913495 -0.961144 -0.817006 1.56107 -0.518094 1.77844 -1.92282 2.67202  
-0.486099 1.42504 -0.0378847 1.50984 0.638689 -1.16834 1.31244 1.87259  
1.39504 0.554713 -0.0315484 1.50532 -1.47399 -0.571443 -0.258972 1.60544  
-0.751815 -1.04969 -0.0960621 1.29903 1.02247 1.45971 0.418741 1.83377  
-0.032805 1.10895 -0.937903 1.4566 -0.117359 -1.54443 0.640298 1.67934  
0.458053 -1.5965 -0.540033 1.74969 -0.104612 1.39996 0.1063 1.41184  
1.43514 -0.575828 -0.682273 1.69348 -1.10187 1.11157 -0.039399 1.56921  
-0.964117 1.02874 -0.801285 1.62513 0.922147 -0.786402 0.858507 1.48895  
1.49711 0.227247 -0.209375 1.53231 -1.32177 -0.313713 0.937259 1.65382  
1.09637 -1.01203 -0.422543 1.55433 -1.08984 0.937362 -1.65497 2.19465  
0.736921 0.613486 -1.06403 1.43622 -0.900256 -1.38659 0.627871 1.77158  
0.923826 -0.821633 -0.861408 1.51054 -1.51479 0.988218 -0.266064 1.83115  
0.734672 1.48833 -1.47359 2.22205 -0.266177 -1.26415 -0.115526 1.30132  
-1.08317 -0.000385143 0.994065 1.47397 1.45416 0.212755 -0.781085 1.66766  
1.08846 -0.163011 -0.525805 1.22432 -1.26461 0.408403 1.54926 2.04387  
-1.54815 -0.22076 -0.474805 1.63771 1.11835 -0.199169 1.05382 1.55309  
1.76065 0.54496 -1.23904 2.22334 -1.21757 -0.396444 -0.439944 1.35807  
-0.179425 -1.30016 0.0362963 1.31723 0.0230802 1.63818 -1.17979 2.02169  
-0.436004 -1.31278 -0.279745 1.41524 -0.0872465 1.76164 -0.635986 1.87793  
1.55704 -0.550708 -0.448122 1.71453 -1.2295 0.403643 -1.48281 1.97091  
-1.43963 -0.769004 0.909782 1.87157 1.02106 0.381448 -0.692104 1.29547  
0.140669 -1.31476 0.961076 1.63805 0.0984667 1.49127 -0.314264 1.53085  
-0.641515 1.17395 0.443498 1.41335 1.57516 -0.909357 -0.174666 1.83023  
0.248035 -1.53081 0.424961 1.61141 -0.531239 1.35381 -0.317048 1.49221  
-1.60652 -0.33938 -0.217721 1.65971 1.39885 0.472718 -0.0868842 1.48289  
-0.00775056 -1.4629 0.886861 1.71401 0.228745 1.5887 1.73737 2.36768  
0.82817 -0.418908 -0.452938 1.03811 -1.27974 1.14479 1.70709 2.42355  
0.676788 -1.41851 0.153043 1.58266 -0.82659 1.22883 -0.495393 1.5652  
0.700941 1.29304 0.874685 1.7145 -0.891337 -1.32702 1.64015 2.29275  
-1.38608 0.349359 -0.737512 1.61194 1.50054 -0.288793 0.220336 1.54749  
-1.15205 -1.35493 1.65421 2.43118 0.785488 1.0964 1.107 1.74806  
-1.24687 -0.366957 0.309134 1.34018 1.54734 0.535874 1.75669 2.40386  
0.68205 -1.51385 0.63509 1.78085 -0.629919 1.25591 0.862671 1.65211  
1.42252 0.0610332 -0.518854 1.5191 -1.20241 -0.155794 1.12665 1.65848  
-1.20241 1.10995 -0.557464 1.73197 1.19009 -0.762526 -1.11466 1.80316  
-1.17944 0.833478 -1.54063 2.11435 1.10993 -0.597977 0.195811 1.28024  
-0.794904 0.931472 1.34581 1.8226 0.598006 -1.8559 1.1956 2.28967  
0.0255583 1.48453 -0.718574 1.65287 -0.0592376 -1.59522 -0.772827 1.7767  
0.201322 -1.55446 -1.01933 1.87272 -0.0587964 1.33612 0.135181 1.34837  
-1.44809 -0.322934 -0.467661 1.55921 1.53601 0.15038 0.216638 1.56206  
-0.568364 -0.700305 -1.03113 1.37399 1.14389 0.583343 1.2608 1.80265  
0.940756 1.38623 -1.39346 2.18164 -1.06443 -0.982117 -1.16921 1.86434  
-0.670572 -1.02572 0.248994 1.25496 1.11525 1.57369 0.400063 1.97269  
1.48328 -0.306143 0.249045 1.53852 -1.60213 -0.451044 0.668092 1.7966  
0.767367 1.62297 -1.6996 2.47441 -0.605633 -1.03871 -0.287023 1.24067  
-1.55758 0.742614 0.707118 1.86781 0.971471 -0.992734 0.144597 1.40048  
1.06368 -0.101855 -1.24789 1.64626 -1.42336 0.26126 0.544923 1.54994  
-1.3334 -0.609633 0.96425 1.758 1.29925 0.564372 -0.222835 1.43784  
0.185224 -0.86769 0.748327 1.16548 -0.332212 1.54734 -1.30809 2.05594  
1.13842 0.519527 0.829392 1.50498 -1.35924 -0.991352 -0.142805 1.69171  
0.464455 -1.30317 1.50842 2.0495 0.0891774 1.09864 -0.542375 1.233  
1.00095 -0.32476 -0.893138 1.38428 -1.44981 0.0136951 1.00247 1.76586  
-0.718634 -1.08419 -0.580564 1.42833 0.307384 1.50567 0.77287 1.72337  
-0.994204 -1.00224 1.09064 1.78706 1.17091 0.770908 -0.307068 1.43902  
0.471041 1.57648 -0.189265 1.65956 -0.530949 -1.34814 -0.391062 1.50449  
1.10469 0.960532 -1.57233 2.15089 -1.03891 -1.09822 -0.609635 1.63347  
-0.511451 -1.45834 0.00938663 1.54906 0.451092 1.26358 1.08651 1.72968  
1.41326 0.502051 0.662313 1.64292 -1.45924 -0.632854 0.536774 1.68202  
-1.06183 0.531388 1.34723 1.7989 0.819056 -1.28888 -0.28252 1.55661  
-0.128871 1.77653 -0.578656 1.87581 0.421249 -1.207 -1.27142 1.80609  
-0.654934 1.17753 1.42545 1.96433 0.72535 -0.831496 -0.621802 1.27095  
0.539898 -1.0426 0.894572 1.47984 -0.948829 1.46379 -0.158273 1.75476  
0.991572 1.05747 -0.0812326 1.45575 -0.896924 -1.02362 -1.4392 1.98362  
1.33746 0.618808 -1.05552 1.81577 -0.921181 -0.705863 0.673383 1.34589  
-0.0987619 -1.41671 -1.65685 2.18475 0.284388 1.18171 0.246604 1.24471  
-0.913319 1.28754 1.52265 2.1958 1.16904 -0.985628 0.991688 1.82558  
1.61367 -0.67475 -0.459307 1.81145 -1.24604 0.458642 -0.00234008 1.33197  
-0.846313 -0.671678 -0.846919 1.37689 1.23814 0.252665 1.28757 1.80716  
-0.0956794 1.5081 -0.52612 1.60359 -0.0456441 -1.57262 -0.626635 1.69678  
-1.68262 -0.0678258 0.456744 1.74802 1.36994 0.25817 0.0941443 1.40122  
1.60218 0.0490625 0.12173 1.61102 -1.36193 0.645927 -0.461917 1.58007  
1.1912 0.434574 0.062124 1.27391 -1.74788 -0.678826 -0.116987 1.88169  
1.26308 0.98751 1.44924 2.16379 -0.973039 -1.09663 0.692792 1.62497  
-0.541798 -1.35061 0.118551 1.46387 0.684885 1.4315 0.780618 1.77166  
0.88489 0.980149 -0.165765 1.33505 -1.03592 -0.834943 1.5623 2.0548  
-1.94974 0.25302 -0.898408 2.16421 1.19979 -0.142339 -0.614443 1.35958  
0.950283 1.02946 -0.719296 1.57841 -0.597328 -1.61601 -0.223426 1.74051  
0.888489 1.38474 -1.9307 2.53884 -0.750188 -0.995154 -0.239598 1.27345  
1.11522 0.317816 0.484565 1.26123 -1.83179 -0.141662 -0.591741 1.93309  
1.11634 0.644116 -0.420608 1.35984 -1.71695 -0.658598 -0.152959 1.8483  
0.228031 1.47648 0.586624 1.6085 0.0419832 -1.51797 -0.18711 1.53368  
-1.28365 -1.11449 -0.467535 1.76624 0.87149 1.07252 -0.884544 1.64419  
0.430953 1.08238 0.552337 1.29364 -0.725209 -1.6435 -0.500439 1.86779  
-1.18356 0.968639 -0.982959 1.82111 1.64336 -0.263518 -1.29152 2.10933  
0.574697 -1.17375 -1.13663 1.73524 -0.329716 1.52085 0.139291 1.56597  
0.544156 1.49619 -0.0655488 1.59692 -0.120079 -1.39799 -0.909115 1.67525  
-0.991286 -0.303333 0.98882 1.43652 1.22256 0.727266 -0.947746 1.71259  
0.75932 -0.691569 -0.863681 1.34608 -1.03187 0.651057 1.34317 1.81766  
-0.38367 -1.25022 0.023772 1.31224 0.518587 1.68764 0.657216 1.88684  
-1.32381 0.209786 -0.608058 1.4756 1.81501 0.330838 -0.913788 2.06153  
0.105896 -1.51364 1.53189 2.15874 0.122832 0.743894 -0.801879 1.10573  
-0.551334 -1.30289 -0.0830025 1.42111 1.05503 1.34279 -0.516482 1.7872  
0.909331 -1.28623 -0.139209 1.58487 -1.1148 0.893891 -1.05412 1.77881  
0.251924 -1.4068 -1.64759 2.18364 0.0719976 1.55298 -0.575179 1.661  
1.0719 0.883587 -0.33445 1.43273 -1.02034 -1.28568 -1.17914 2.02376  
-0.524662 1.39621 -0.850153 1.72006 0.554692 -1.50702 -0.918442 1.85297  
0.944508 1.11242 -0.202803 1.47711 -1.21591 -0.819229 0.875146 1.71074  
-0.998729 -1.1448 1.61323 2.21849 1.28767 0.57568 0.252437 1.4368  
0.748283 1.00368 0.979979 1.59337 -0.792665 -1.12352 -0.674927 1.53535  
0.938304 1.24488 1.03105 1.872 -0.342982 -1.33663 -0.135496 1.39059  
0.329392 -1.38837 -0.317463 1.46561 -0.128258 1.65617 -0.452423 1.72488  
-1.41827 0.858594 1.03833 1.95907 1.29432 -0.553726 1.48935 2.05212  
0.113861 -1.38147 -1.01611 1.72194 -0.424069 1.68007 -1.51329 2.30297  
-0.113244 1.49592 0.981652 1.79594 0.315509 -1.2527 -0.414823 1.3609  
1.96936 -0.537761 1.97903 2.84522 -1.17495 0.0948641 1.07229 1.59702  
0.896315 -0.888593 1.44147 1.91885 -0.993568 1.26081 0.246213 1.62745  
1.30675 -0.243713 -0.117881 1.33868 -1.74755 0.0436464 0.439742 1.80565  
-0.212703 0.971888 -0.731161 1.23918 0.589297 -1.63765 0.908537 1.96616  
1.68078 -0.736081 -1.91887 2.65708 -1.09728 0.745249 -1.29828 1.85906  
1.3498 -0.455739 -1.09495 1.79993 -1.59631 0.129168 -0.295843 1.63205  
0.580745 -1.36783 1.33669 2.00153 -0.639367 1.00441 -0.408455 1.26318  
-0.783363 1.45286 -0.747045 1.81486 0.402647 -0.955817 0.864424 1.35429  
0.614956 -1.43848 -0.12598 1.57303 -0.535261 1.37792 0.294347 1.51095  
0.432354 -1.53785 1.56497 2.2388 -0.409361 1.14472 -0.0863336 1.22335  
-0.245914 1.18244 -0.389784 1.27347 0.46555 -1.30826 1.45306 2.01267  
-0.145207 1.63841 -0.732047 1.80348 -0.320737 -1.23711 0.51446 1.38172  
0.314172 1.46661 0.909209 1.75712 0.269193 -1.15098 -0.781417 1.42091  
-0.913134 1.03608 0.16334 1.39468 0.931627 -1.33786 -0.718089 1.78455  
-1.25177 1.23165 -0.474468 1.82213 0.639431 -1.22718 -0.68004 1.54546  
-0.243987 -1.72219 1.3876 2.22757 -0.411096 1.38326 1.36141 1.98671  
0.794933 1.37792 0.0114648 1.59433 -0.824263 -0.989718 -1.13854 1.72232  
0.155035 1.66391 0.337083 1.70805 0.0582779 -1.31219 -0.57955 1.43954  
1.51039 0.35999 0.943386 1.81989 -1.42569 -0.0345397 -0.0362549 1.43048  
0.603874 -1.14536 0.973533 1.6234 -0.360665 1.76447 0.572823 1.89281  
-0.178235 1.5753 -0.274413 1.61239 0.193831 -1.27263 0.852533 1.54762  
1.41736 -0.565791 0.158865 1.538 -1.29565 0.659735 0.977681 1.75527  
0.301724 -1.36509 1.02602 1.73735 -0.447185 1.43936 -0.0214546 1.51108  
-0.314892 1.15464 -1.18113 1.68481 -0.0128588 -0.948583 1.08793 1.44732  
0.465484 -1.00314 -1.03026 1.51511 0.0294391 1.62533 0.556693 1.72152  
0.0195719 -1.35172 -1.48553 2.01134 -0.127549 1.11072 0.538725 1.24553  
1.17304 0.30014 0.0876837 1.21859 -1.6857 -0.680862 1.33212 2.25629  
0.238939 1.39917 -0.0501907 1.42424 -0.584694 -1.38804 -1.18814 1.92129  
-0.0176857 -1.41327 0.535257 1.51503 0.127241 1.68066 1.04682 1.98691  
0.157423 -1.17059 0.0658596 1.18767 -0.253123 1.66725 -1.58748 2.31842  
1.45031 0.905818 1.21386 2.09965 -0.999586 -0.975174 1.40881 1.98647  
1.16733 0.833415 1.29156 1.93301 -1.28004 -0.865758 0.426965 1.60671  
0.725969 -0.945861 -0.608793 1.34294 -0.988736 1.64518 -0.00609337 1.92235  
-0.584925 1.30301 -0.480817 1.51074 1.34598 -0.935652 -1.7018 2.36525  
-1.55031 -0.324535 1.28107 2.03987 1.43883 0.382005 1.48645 2.10638  
0.875674 1.24389 0.890615 1.76591 -0.856153 -1.31881 0.663818 1.70999  
0.930313 0.93637 0.607012 1.45667 -1.46815 -0.956658 1.61498 2.38537  
0.988998 -0.500635 0.0951789 1.11758 -1.86372 0.967453 0.670216 2.20676  
0.33998 -1.57575 -1.63866 2.30107 -0.0246686 1.19024 0.0676533 1.19709  
-1.27111 0.0499517 -0.431546 1.34745 1.81674 0.349437 -1.11815 2.16427  
0.0959797 1.31003 -0.863184 1.57532 0.0954414 -1.77084 -0.637766 1.88756  
-1.38478 0.12026 0.709651 1.56424 1.66897 0.591142 0.583763 1.86731  
-0.669448 1.23763 0.91927 1.68408 0.317419 -1.7172 0.784137 1.91718  
-0.492067 1.26254 -1.05401 1.71995 1.00874 -1.41668 -0.593723 1.84071  
0.656782 0.872744 0.64214 1.27144 -1.10169 -1.03722 -1.1499 1.90341  
1.47194 0.914979 0.632465 1.84796 -1.1061 -0.687266 1.30141 1.84408  
-1.19192 0.659546 1.35606 1.92503 1.40445 -0.955811 0.887559 1.91963  
-0.976033 1.23008 0.263034 1.59565 1.08187 -0.896571 1.13214 1.80754  
-1.26005 -0.0635645 -0.451369 1.34412 1.2774 0.356068 1.37306 1.9118  
-1.4152 -0.0237362 0.0404952 1.41991 1.52703 0.237042 -0.911836 1.79739  
0.628883 1.20157 0.62462 1.49686 -0.772333 -1.51791 0.190055 1.71693  
0.993342 1.54683 -1.63242 2.46077 -0.958717 -0.856288 -0.602759 1.42367  
-0.649691 -1.40247 -1.76216 2.34636 0.944434 1.16759 -1.05396 1.83772  
-0.557709 -1.33241 -1.67497 2.21428 0.46103 1.12998 0.160989 1.23551  
1.08438 0.794385 -0.370208 1.39827 -1.19754 -1.01806 -1.81901 2.40635  
-0.135355 -1.48352 0.28759 1.52086 -0.261956 1.6302 0.261187 1.67498  
-1.24836 -0.93121 -1.27921 2.01819 1.02477 1.16939 -0.99478 1.84889  
1.38222 0.963499 1.49599 2.25566 -1.01553 -0.897528 0.447867 1.4313  
-0.206235 1.25432 -0.832538 1.5232 0.0786523 -1.57519 0.331065 1.61499  
1.17852 0.373107 -1.07045 1.63864 -1.21818 0.00709539 0.842628 1.48499  
0.989624 -0.363253 -1.01517 1.46732 -1.52031 0.101538 0.771853 1.71131  
1.0539 1.05277 -0.334533 1.53039 -1.3218 -0.866762 0.179569 1.59432  
-0.420199 0.893689 0.375109 1.06166 0.944418 -1.63212 -1.37696 2.33729  
1.5741 -0.0269586 0.681657 1.71882 -1.33763 -0.622355 1.60347 2.18148  
-0.209049 1.29266 -0.693229 1.4854 0.492228 -1.69102 -1.78938 2.51294  
0.6448 1.41663 -0.527094 1.64669 -1.45899 -0.819893 -0.385933 1.72075  
-0.802152 0.940264 1.28814 1.7883 0.810894 -0.988916 -0.575593 1.4064  
0.926391 -0.469003 0.0388705 1.04443 -1.59659 1.00245 2.10021 2.82419  
-0.158416 1.16829 -0.999877 1.54949 0.680745 -1.85871 -0.770776 2.12685  
-0.467865 -1.07721 -0.868479 1.46448 0.8898 1.78566 -1.99377 2.82252  
0.347652 -1.0265 0.968626 1.45738 -0.561117 1.04722 -1.16883 1.66998  
-1.08408 0.529344 1.24942 1.74001 1.20437 -1.02014 -0.0980537 1.58492  
-0.698564 -1.0555 0.879597 1.54497 0.679621 1.41834 -0.305699 1.60567  
-0.659907 -1.10357 1.23113 1.78331 0.523384 1.21242 -0.456914 1.40137  
-0.429138 -1.14408 0.752079 1.4387 -0.426532 1.12222 -1.38643 1.83702  
-1.29746 0.186075 -0.531026 1.41816 1.6871 0.263293 0.334922 1.74326  
0.0232833 1.02615 -0.996581 1.43453 -0.115823 -1.37946 0.973788 1.6958  
-0.928707 1.01174 0.887906 1.6388 1.19983 -0.783804 -0.45144 1.50629  
-0.382486 1.5573 -0.19876 1.6193 0.321904 -1.46557 -0.0194758 1.50435  
1.08302 0.645042 -0.492254 1.35738 -1.20541 -0.966936 0.915294 1.79914  
0.438327 -1.60607 -0.591173 1.76981 -0.344038 1.3113 0.244431 1.38159  
0.929222 -0.912445 -0.408986 1.3691 -1.06381 0.705723 1.39902 1.89688  
1.19164 -0.510044 0.63698 1.44812 -1.8856 0.118533 1.10002 2.18878  
1.20557 -0.715466 -0.876201 1.65656 -1.48463 0.717791 -0.259202 1.67263  
-1.32437 -0.192642 -0.55912 1.45425 1.40417 -0.181793 0.932507 1.69867  
-1.61274 -0.276604 -0.949015 1.89453 1.33853 0.543299 -0.444788 1.5152  
1.3255 -0.238051 0.492275 1.43775 -1.58369 0.551604 -0.227269 1.69563  
1.04048 0.781191 0.562029 1.42123 -1.43915 -0.459879 -0.876972 1.75011  
-1.29547 0.407006 1.17194 1.7968 1.61562 -0.638498 1.66082 2.4057  
-0.958033 0.143892 -0.737355 1.22204 1.39735 -0.431167 1.36381 2.00241  
-1.15665 -0.156267 -1.28921 1.74226 1.60305 -0.279535 0.0995482 1.6337  
-1.66806 0.650884 -0.871965 1.99438 1.26487 -0.359906 -0.480893 1.40423  
1.20924 -1.06617 -1.63011 2.29508 -1.31367 0.715648 -1.06105 1.83708  
1.69617 0.276773 1.08508 2.03523 -1.40736 0.370069 1.05284 1.79924  
1.76287 -0.66361 0.833641 2.06257 -1.23454 0.161235 0.102492 1.2537  
-1.56455 0.154643 -0.311709 1.60626 1.34112 0.000462709 -1.4867 2.005  
-1.43474 -0.234225 1.00747 1.77186 1.64272 -0.137803 1.25199 2.07272  
-1.29189 -0.868633 -0.0352274 1.56074 0.854784 1.03611 1.12236 1.75358  
1.07077 0.853449 0.0358937 1.37382 -1.60277 -0.55462 0.987969 1.96564  
0.378444 -1.47113 -1.12167 1.89123 -0.541151 1.48986 -0.965624 1.85906  
-0.300258 -1.15121 0.300308 1.23158 1.1202 1.28394 -1.28886 2.13908  
-1.72385 0.123396 -0.909414 1.95578 1.01377 -0.306733 0.663153 1.25409  
-0.309234 -1.41749 -0.760977 1.64169 0.0819419 1.36447 0.581833 1.48936  
-1.69337 0.123418 -0.256826 1.72042 1.38776 -0.196195 -0.0359009 1.406  
0.331707 -0.92099 -0.300478 1.02942 -0.572027 1.61989 1.82257 2.50683  
-1.29821 0.618131 -0.798861 1.64827 1.38799 -0.941217 -0.788502 1.85615  
-0.683577 -1.0745 -1.08191 1.67437 0.623805 0.838531 0.989214 1.44291  
1.14619 0.673507 0.917085 1.61851 -1.67888 -0.408145 0.214611 1.74426  
-0.0368231 1.36419 0.165003 1.37868 0.478553 -1.56288 1.26161 2.06747  
0.905934 -1.04267 -0.891742 1.6475 -0.803339 1.27499 0.179285 1.52127  
-1.03119 -1.13402 -0.435831 1.59702 1.24093 0.799681 0.391855 1.53105  
-0.687713 -1.1061 -0.542378 1.41483 1.08427 1.3722 -1.68681 2.43209  
1.1418 0.777051 0.375496 1.43516 -0.950666 -1.35768 1.43291 2.1935  
-0.599034 -1.35804 -0.00117094 1.48805 0.9566 1.34013 0.0942773 1.6526  
1.0888 0.743644 0.792735 1.5421 -1.19249 -1.44501 1.09381 2.17202  
0.854636 -1.42277 0.298598 1.68968 -1.27769 0.794239 0.630858 1.63476  
-0.811169 1.51572 -0.0219373 1.72251 1.05064 -0.860532 0.750571 1.55527  
-0.93267 -0.180201 -1.00123 1.38419 1.38416 0.0345024 1.08661 1.76323  
0.990205 -0.363176 -1.19944 1.60069 -1.38164 1.00354 0.24923 1.72896  
-1.03723 -1.07254 1.22996 1.93653 1.03727 1.15982 0.620505 1.67848  
-1.6822 0.631232 -0.179826 1.8088 0.775921 -1.22111 -0.573623 1.55993  
-0.796472 1.09898 -1.08643 1.74173 1.29611 -1.22666 -1.65467 2.43592  
-1.52927 -0.787624 -0.587163 1.8207 0.718086 1.05847 0.496101 1.37597  
-1.28452 -0.133417 -0.156091 1.30511 1.61344 0.347023 -1.51047 2.23971  
0.541002 -1.41605 0.792197 1.71366 -0.792999 1.33564 0.292986 1.58423  
1.45443 -0.0429472 -0.668389 1.60472 -1.33515 -0.129536 0.620154 1.48161  
1.46376 0.477752 -0.722604 1.70416 -1.27867 -0.490782 0.375569 1.42411  
0.787378 1.15806 0.480638 1.48433 -1.15629 -0.574906 -1.24496 1.79683  
-1.30552 -0.963533 -0.549487 1.71636 1.02433 0.938716 -1.2903 1.89907  
-1.30866 -0.545688 0.695472 1.58279 1.59175 0.585811 1.10535 2.02727  
-1.51762 0.728517 1.30983 2.13559 1.42606 -0.164714 1.51872 2.09248  
-0.183479 1.48903 -0.586775 1.61442 -0.15488 -1.43698 0.413328 1.50695  
-1.44964 -0.764641 0.75885 1.80918 1.45244 0.149926 1.45555 2.06442  
-1.12361 -1.04182 -1.70401 2.29406 1.14975 0.665599 -0.167105 1.34314  
0.776369 1.23308 0.616437 1.58568 -0.630207 -1.40098 1.58403 2.20912  
-0.307504 -1.44806 -1.65567 2.22348 -0.0576932 1.54861 -0.770606 1.73393  
0.716702 1.19251 -0.595196 1.51696 -1.01459 -1.00386 0.763557 1.62213  
1.48729 0.586933 0.350767 1.64034 -1.0536 -0.847129 1.35802 1.91914  
1.46235 1.44479 -0.204804 2.06857 -0.327146 -1.21954 -0.159559 1.27708  
-0.924388 -0.781252 -0.767398 1.43698 0.978654 0.946268 0.971343 1.67567  
-0.916055 1.46358 -1.67255 2.4062 0.727591 -0.896166 0.0458341 1.16007  
0.196745 -1.00484 -0.7959 1.30117 -0.952692 0.926082 1.44013 1.96224  
-0.942377 -1.26231 1.74208 2.35107 0.869444 0.955309 0.2183 1.31429  
-0.17916 -1.7447 -0.0511478 1.7578 0.625154 1.07442 -0.903029 1.54007  
-1.03245 -1.33616 -1.69261 2.39319 1.4207 0.521201 -1.4548 2.10182  
0.883054 1.35855 0.0443627 1.62437 -0.913874 -0.954976 1.05985 1.69752  
-1.56966 -0.441586 -1.88167 2.49212 1.39005 0.455794 -1.41427 2.03748  
1.56558 -0.188647 0.64015 1.70516 -1.47912 0.451381 0.553028 1.64577  
1.51095 0.889467 -1.328 2.20201 -1.50241 0.250382 -1.11995 1.89351  
-0.894467 1.12632 0.915336 1.70812 1.25163 -1.11011 1.20319 2.06343  
-1.67881 0.531545 1.25891 2.16725 0.905173 -0.673713 -0.266607 1.16425  
-1.51522 -1.03641 0.240201 1.85443 1.01122 0.552895 -0.662949 1.33376  
-1.61526 0.593692 -0.399458 1.76982 1.24944 -0.617994 -0.384487 1.44983  
-1.53951 -1.19821 -0.0699416 1.95496 1.22283 0.329408 0.263696 1.29789  
-1.11941 -0.600842 -0.214451 1.29277 1.53124 0.433535 1.12341 1.95086  
1.05584 -0.7013 -0.653661 1.43005 -0.895986 0.809856 1.21812 1.71862  
1.6692 -0.995272 0.680557 2.06182 -1.02752 0.649062 0.283109 1.25236  
0.572758 0.989108 -0.754442 1.37358 -0.760264 -1.17051 1.08263 1.76956  
-0.583132 -0.744995 0.989469 1.37305 0.778089 1.08194 -1.10359 1.73352  
-1.6149 0.249815 -0.588512 1.74006 1.20795 -0.838257 -1.24509 1.92957  
-1.16603 -1.10292 -1.29512 2.06508 1.00307 0.73532 0.125524 1.2545  
0.0535032 -1.82183 0.0653915 1.82685 0.0138684 1.27042 -0.445197 1.35038  
-0.325345 -1.78976 1.51826 2.37179 0.366826 1.27102 1.26521 1.83357  
-1.43987 0.538969 1.53331 2.17392 1.51305 -0.282018 1.30437 2.02025  
-0.201793 1.4028 -0.137878 1.42785 0.26491 -1.45292 -1.30538 1.97391  
-0.645408 -1.20279 0.0582046 1.37033 0.935062 1.43679 0.703034 1.85584  
-1.27206 0.179134 0.0446568 1.28972 1.70064 -0.267438 1.03383 2.01089  
-0.14384 1.4284 1.66999 2.20478 -0.0095761 -1.67252 1.85281 2.4983  
-0.931137 -0.971181 0.237874 1.37039 1.23232 1.30097 0.230256 1.80978  
-1.27719 -0.325123 0.518061 1.42002 1.38412 0.455727 -0.893666 1.71268  
1.53862 0.269401 -0.209952 1.57961 -1.29722 -0.280357 -1.39712 1.92989  
-1.14129 -0.858571 0.0719304 1.43388 1.58332 0.15975 -1.03506 1.9013  
-1.29358 0.637984 -0.608772 1.56912 1.32314 -0.891504 -1.45392 2.16114  
1.35838 0.0619422 -1.32923 1.90448 -1.74406 0.0927542 -1.17364 2.10688  
0.999854 -0.816076 -0.0860076 1.29779 -1.10774 1.07219 -1.70446 2.30066  
1.11172 0.717558 0.446214 1.40039 -1.3015 -0.951715 -0.511877 1.69495  
-0.601845 1.20154 1.37959 1.92882 0.331353 -1.38156 -0.0820963 1.42703  
0.671759 -1.30136 1.31551 1.97143 -1.26455 1.08515 0.879768 1.88727  
-1.54167 0.342302 1.40223 2.11455 1.19028 -0.921477 0.492235 1.58724  
1.25702 0.485403 0.919552 1.63476 -1.07099 -0.438407 -0.866548 1.44958  
0.604773 1.26192 -0.983935 1.71391 -0.574165 -0.92813 0.871161 1.40042  
-0.752392 -1.33831 -1.58921 2.21222 1.08315 0.670699 0.17612 1.29044  
0.263733 -1.72071 1.0972 2.06044 0.233742 1.35252 0.498464 1.4641  
-1.49799 -0.960627 1.56543 2.37245 1.29935 0.394476 1.06259 1.72748  
1.48184 0.870838 -0.635719 1.83562 -1.23799 -0.275024 0.392548 1.33173  
-1.0206 0.727841 -0.129038 1.26459 1.48882 -0.430243 1.55524 2.1981  
0.696298 0.935758 -0.798634 1.41755 -1.00846 -0.755316 1.17179 1.72388  
0.700481 -1.3517 -0.0342145 1.52647 -1.04759 1.20782 -0.000344148 1.60232  
-1.49242 -0.0375347 0.535121 1.58942 1.37305 0.528717 -0.45308 1.54313  
0.987617 -0.91064 -0.380168 1.40012 -0.663022 1.39957 0.934349 1.81179  
0.294126 -1.52557 0.596298 1.66752 -0.567307 1.42373 0.264314 1.5588  
-0.86201 -1.27392 1.67134 2.27387 0.703893 1.38209 1.45849 2.13166  
-1.56216 -0.434575 1.5642 2.25546 1.50667 -0.40596 1.79838 2.38332  
0.58677 0.92774 0.350042 1.15702 -1.80575 -0.940856 -0.898186 2.22797  
-1.4078 0.826794 -1.04837 1.94312 0.401634 -1.13739 0.60199 1.35223  
-1.1991 0.869993 1.37425 2.02348 1.0266 -1.28098 1.44246 2.18785  
-0.531247 -0.825657 0.990737 1.39881 0.97488 0.738914 -1.20186 1.71814  
0.320099 -1.31904 -0.595541 1.48599 -1.07704 0.958264 1.02607 1.77264  
-1.68711 0.655615 -0.663352 1.93064 1.26297 -0.271681 -0.0211554 1.29635  
-1.21801 0.448394 -0.399703 1.36218 1.45545 -1.1366 -1.23007 2.22136  
0.721254 1.15041 0.581544 1.48088 -0.679089 -0.869122 -1.28126 1.69391  
1.36493 -0.41726 0.434012 1.49555 -1.53564 0.513599 -0.0547282 1.62362  
0.135401 1.15956 0.965911 1.5189 0.291087 -1.32386 -0.837347 1.59676  
1.32245 -0.0548131 0.886752 1.59668 -1.44413 0.23586 -0.419596 1.5259  
-0.748205 -1.12982 -0.11143 1.36378 0.787214 1.09509 1.56317 2.06727  
1.25574 -1.26007 0.84627 1.97281 -0.783951 0.666225 -0.636 1.21412  
1.22517 1.0587 0.254336 1.64248 -1.04482 -1.03251 0.109292 1.47676  
1.41558 -0.324856 -1.61864 2.17728 -1.57413 0.211058 -0.981736 1.87013  
1.03566 0.554502 0.53777 1.29631 -1.5909 -1.16555 1.64296 2.56904  
-1.44976 -0.852793 1.44227 2.21819 1.32807 0.51208 1.39786 1.99779  
-0.919769 1.83954 -1.67643 2.65546 0.591619 -0.956601 -0.499462 1.2352  
-0.672943 1.52594 1.10861 2.00537 0.491474 -1.36014 0.745483 1.63047  
-0.302785 1.47087 -0.2372 1.524 0.337857 -1.37729 -1.35957 1.9674  
-1.06894 0.672524 -1.4447 1.92178 0.811947 -0.947194 0.49813 1.34749  
1.07375 -0.107617 -0.397243 1.15477 -2.02314 0.236492 -2.18004 2.98542  
-0.25374 0.830137 -0.753588 1.15437 0.592879 -1.25567 1.58022 2.10629  
-1.16617 -0.27711 1.34095 1.80168 1.35066 -0.230971 -0.477213 1.45483  
0.721301 1.32576 0.152531 1.52064 -1.03065 -0.911763 -1.04218 1.72941  
1.26739 -0.811843 -1.22271 1.94205 -1.44964 0.562344 -0.544159 1.65075  
1.42173 0.435875 1.52764 2.13451 -1.1114 -0.44533 -0.286488 1.23562  
1.03701 -0.935545 0.875066 1.65153 -1.0786 0.657392 -0.69174 1.44403  
-1.38623 0.783739 -1.17234 1.98026 1.38325 -0.264799 -0.146221 1.41987  
0.929738 -1.09993 0.539764 1.54168 -0.903103 1.25079 1.61 2.23234  
-1.4856 0.510574 1.55793 2.21495 1.45016 -0.406009 1.2273 1.94557  
1.38756 -0.655028 -0.819176 1.74258 -1.05495 0.756011 0.450809 1.37799  
-1.62019 -0.256151 -0.738388 1.80195 1.427 0.0908113 -1.18765 1.86179  
-1.6972 -0.262028 -1.09038 2.03697 1.11029 0.624602 0.157946 1.28801  
-1.34277 -0.159018 0.134925 1.36297 1.27663 0.472459 -1.54784 2.06397  
1.57986 0.117551 -1.37917 2.1031 -1.22752 -0.412909 0.0915976 1.30263  
1.28388 -0.530141 -0.865252 1.63988 -1.39549 0.698831 0.00576091 1.56427  
0.971429 1.18397 0.387236 1.58322 -1.26242 -0.936799 0.778618 1.75747  
0.564483 -1.42991 -0.0808621 1.54304 -0.990363 1.22836 -0.117726 1.58578  
1.14342 -0.258729 -0.165434 1.18865 -1.7389 0.265626 -1.89729 2.58944  
-1.27194 0.619367 1.499 2.06388 1.14063 -0.536828 -0.248672 1.28927  
-1.54801 -0.745971 0.401449 1.7678 0.96765 1.08029 0.442668 1.52003  
-0.694088 -1.46029 0.570489 1.7178 0.808154 1.19294 1.16407 1.85538  
0.967601 1.09476 0.391965 1.51643 -0.907419 -1.15884 -0.647401 1.6114  
0.0271813 -1.09925 -0.626917 1.27015 0.160445 1.75446 0.734378 1.91163  
-1.00056 -0.269536 0.91817 1.38851 1.19226 -0.0604107 -1.29534 1.76471  
0.591885 -1.14215 -0.854093 1.54773 -0.284981 1.81372 -0.472193 1.89866  
1.36706 0.365801 -0.879253 1.6694 -1.61567 -0.492625 -0.648605 1.81244  
-1.44078 -0.719677 0.613819 1.72677 1.00546 0.670339 -0.677098 1.38922  
1.27121 -0.116853 1.24204 1.78422 -1.63626 0.187582 0.184976 1.6607  
1.4337 0.446561 -1.3389 2.01463 -1.09984 -0.816623 0.057674 1.37514  
1.30405 -1.06891 0.252604 1.70824 -1.11272 0.885301 0.0783367 1.42801  
-1.46999 -0.98825 1.67564 2.44058 0.910079 0.983114 0.792267 1.56  
-1.2611 -0.446588 1.3336 1.89195 1.19826 -0.0289454 -0.581671 1.33648  
1.38184 -0.916402 0.340892 1.69607 -1.23567 0.715267 0.0676566 1.43326  
0.341952 -1.37476 0.0961809 1.42384 -0.83072 1.39295 0.980939 1.89837  
-0.608325 1.23585 -0.521169 1.47654 1.14096 -0.655244 1.21325 1.79284  
0.367207 1.54162 0.131217 1.59368 0.0636704 -1.48277 0.590764 1.60088  
0.974335 0.459697 0.82937 1.3637 -1.24476 -0.614643 -1.06027 1.75001  
-0.252629 -1.43607 -0.657148 1.60285 0.528926 1.54044 -0.423065 1.68608  
1.52324 -0.306195 1.31589 2.03881 -0.952814 0.320716 -0.647431 1.20043  
0.922643 0.747129 -0.734669 1.40013 -0.983851 -0.770774 1.19773 1.73429  
0.709716 -1.53466 -1.594 2.32613 -0.552071 1.15462 -0.296234 1.3179  
-0.807326 1.00708 0.782771 1.51323 1.11058 -1.00416 -0.580442 1.60929  
1.53527 0.409797 -0.700818 1.73991 -1.53664 0.0262387 -0.661686 1.67659  
0.722234 1.41193 0.404989 1.64023 -0.933092 -1.09857 -0.374197 1.49288  
0.737281 -1.05423 -1.18943 1.75525 -1.46912 1.15312 -2.08741 2.80293  
1.19124 -0.898759 1.40021 2.04904 -0.941977 0.767486 -0.288915 1.25339  
0.164582 1.62265 0.338919 1.66916 0.0708829 -1.43835 0.02168 1.44413  
0.896711 1.0142 1.45069 1.98705 -1.12955 -1.07178 0.270624 1.58398  
-0.479774 -1.48246 -0.0864026 1.56413 1.02645 1.15891 -0.748568 1.72284  
1.03372 1.16565 0.560124 1.65898 -0.685805 -1.05612 -0.714869 1.45187  
0.533223 -1.12464 0.414986 1.31625 -0.390467 1.82145 1.46452 2.37195  
-1.07284 -1.33398 -0.174859 1.72401 0.953299 1.01833 -0.236765 1.4188  
-1.32775 -0.581975 -0.62556 1.58244 1.61238 -0.398052 -1.93885 2.5551  
1.11294 -1.04987 -0.927078 1.79207 -1.35446 0.754989 -1.6983 2.30216  
-0.780671 1.15339 1.13409 1.79919 0.639696 -1.17011 -0.388589 1.39303  
-0.366089 1.11732 -0.882043 1.47363 0.485638 -1.32865 0.807798 1.63244  
-1.33886 0.964412 -0.27079 1.67545 0.767882 -1.06822 -1.29569 1.84952  
-0.396502 1.65813 -0.17025 1.71661 0.762783 -1.19918 0.304605 1.45733  
1.2925 0.599722 0.817264 1.646 -1.33142 -1.04852 0.59994 1.80088  
0.28799 -1.47803 1.44866 2.0922 0.433695 1.31837 -0.0634263 1.39333  
1.20494 0.798431 0.454991 1.51906 -1.52063 -0.438323 1.39036 2.1092  
-1.03273 0.809176 -1.27981 1.83586 0.824876 -0.632691 0.782101 1.30521  
0.0930725 1.50764 0.518776 1.6006 0.058204 -1.59543 0.578204 1.70125  
0.0166677 -1.33754 -0.709958 1.51806 0.108862 1.77166 -0.947687 2.01492  
0.994714 -1.37657 0.85983 1.90653 -0.588505 1.06644 -0.370753 1.2776  
-0.740158 1.45835 -0.881424 1.86083 0.876728 -1.16356 -0.472186 1.53514  
0.296859 -1.39481 -1.53774 2.09986 -0.163089 1.1736 0.33791 1.23664  
1.06613 -1.04812 0.758442 1.67976 -0.739941 1.09984 -0.54589 1.43747  
0.410151 1.34604 -0.87843 1.66218 0.307267 -1.70192 -1.9915 2.63973  
1.12744 -1.3309 -0.553476 1.83301 -0.815845 0.563751 0.979221 1.39766  
0.13039 -1.04771 1.07087 1.50752 -0.339787 1.32922 -0.87289 1.62953  
1.78902 -0.538733 1.48407 2.3884 -1.20533 0.40905 1.34587 1.85544  
1.15373 -0.762842 0.718027 1.56197 -1.67587 0.0378328 -0.30173 1.70651  
1.57707 0.117268 0.0652346 1.58629 -1.52595 -0.0162753 0.0449289 1.53035  
-0.469059 -1.3219 -1.39898 1.98387 -0.173668 1.43356 0.0455667 1.44862  
1.21995 -0.725672 0.88408 1.6756 -1.1294 0.646587 -0.570413 1.42483  
-1.82338 0.537158 2.17363 2.88948 1.17573 -0.303931 0.714751 1.41306  
1.30484 -1.19241 -0.698559 1.90357 -1.14416 0.715367 -0.327084 1.39248  
1.00829 -0.668982 -0.710982 1.40742 -0.825564 0.922888 1.22728 1.74661  
1.07717 -1.06969 1.74856 2.31801 -1.48645 0.650673 1.58539 2.27102  
1.40802 -0.467137 -0.283935 1.51411 -1.6611 -0.128219 -0.182804 1.67937  
-1.38602 -0.311185 -0.707103 1.5903 1.35367 0.11327 0.626092 1.49947  
-0.445522 1.27147 -1.39027 1.93885 0.341565 -1.42659 0.0145219 1.47078  
0.805872 -0.733729 -0.174079 1.10872 -1.06421 1.26451 1.77308 2.42621  
1.61793 -1.08871 -0.52977 2.02356 -1.05385 0.411999 0.408486 1.20763  
-0.85674 0.612348 0.0418794 1.05919 1.27976 -1.59845 -1.36492 2.46313  
0.398315 -1.2666 1.01686 1.67574 -0.813844 1.61298 1.97756 2.68066  
0.805429 0.640615 -0.784376 1.29827 -0.861883 -0.889104 1.39616 1.86916  
-1.33571 0.817549 1.26493 2.01587 1.49975 -0.42263 1.53223 2.18787  
1.28152 -0.348599 0.859577 1.58551 -1.34922 1.3285 1.1167 2.20079  
-1.64575 0.4635 -1.16135 2.06959 1.37834 -0.137818 -0.648336 1.53307  
1.30547 -0.936504 0.620097 1.72539 -1.42858 0.47495 0.21384 1.52424  
1.4771 -0.885498 0.441782 1.78109 -1.19787 0.541727 0.944376 1.62215  
1.19835 0.357298 0.985863 1.59587 -1.62891 -0.473699 0.00246866 1.69968  
-1.41675 -0.379557 -0.200348 1.4841 1.64912 -0.536656 0.137149 1.74286  
1.4511 0.223462 1.05512 1.8111 -1.4704 -0.666707 0.494617 1.69186  
-1.01318 -1.15863 0.67797 1.68516 0.817066 1.07189 -0.412007 1.41331  
-0.957968 -1.13075 -0.191597 1.49806 0.993783 1.16317 -0.929341 1.79316  
1.75709 0.766225 1.52316 2.45064 -1.17951 -0.34902 0.738269 1.43849  
0.614127 1.86015 -1.40963 2.41568 -0.633938 -1.05778 -0.777441 1.46163  
-1.12697 0.746397 -0.7702 1.55934 1.44976 -0.955285 -0.678743 1.86714  
-0.60001 1.3787 0.52646 1.59661 0.832086 -1.34137 0.857791 1.79961  
-1.45077 0.121875 1.60723 2.17116 1.38242 -0.0820799 0.207906 1.40435  
1.07012 -1.06775 0.48617 1.59147 -0.883354 1.17957 -0.31203 1.51004  
-0.884968 0.52593 0.923197 1.3868 0.822021 -0.860039 -1.27948 1.75032  
-1.38216 1.16863 0.256589 1.83114 0.740216 -1.12835 -0.0140649 1.35368  
1.397 -0.472711 0.245841 1.49889 -1.33008 0.577878 1.45162 2.05461  
-0.839423 -1.28039 -1.17778 1.93452 0.553219 1.48665 -1.08755 1.92616  
-1.51501 -1.09903 -0.596338 1.96721 0.671823 1.16894 -0.360722 1.39966  
-1.25921 -1.00181 0.263633 1.63398 0.882492 1.11113 0.957032 1.71478  
0.535278 -1.63795 0.451362 1.78446 -0.594061 1.1624 -0.265051 1.33623  
1.19741 -0.141184 -1.34662 1.8106 -1.12216 -0.315028 0.715881 1.37191  
-0.809724 1.12627 -0.0584983 1.39238 0.999219 -1.20832 0.969104 1.84629  
-1.14962 0.84193 -1.52398 2.08906 0.75144 -0.953649 0.312835 1.25823  
0.250243 -1.38657 -0.391211 1.46609 0.214023 1.70889 -0.484654 1.79225  
1.00592 1.11634 0.128757 1.5119 -0.874968 -1.06399 -1.05507 1.73838  
0.758773 -1.00235 1.11403 1.68305 -1.35261 1.33322 2.07125 2.81216  
-1.10388 0.949298 1.26365 1.93072 1.31159 -0.729902 0.270949 1.52892  
0.147887 1.53202 -0.166965 1.55177 -0.472382 -1.50215 -0.435921 1.63731  
-1.30949 0.903901 -1.06873 1.91967 1.09496 -0.715559 0.131673 1.31889  
-1.27193 -0.665813 0.872044 1.68307 1.23236 0.794721 -0.245632 1.49057  
-0.924973 -1.24105 1.64961 2.26454 0.661332 1.32424 0.820582 1.69573  
1.14978 0.297765 -0.65269 1.35935 -1.90916 -0.363296 -1.78619 2.64169  
-1.7646 0.226468 0.931237 2.01084 1.29939 -0.432264 0.773358 1.57623  
-1.17347 1.00035 0.37612 1.59071 1.47682 -0.445084 -0.322473 1.57932  
-1.02669 0.456918 1.23555 1.6735 0.974378 -0.487907 -0.907761 1.4222  
0.527376 1.24826 -0.541234 1.463 -0.636619 -1.63064 -0.442221 1.80859  
-1.16071 0.575113 0.180873 1.3122 1.44335 -0.406554 -1.39741 2.05243  
0.717877 -1.0951 -0.264233 1.33999 -0.725815 1.65296 -1.02877 2.08053  
-0.810565 1.35387 -0.982603 1.86189 0.388941 -1.38986 -0.0380354 1.44762  
0.347311 1.63496 -0.130727 1.67987 0.0588512 -1.42796 -0.260005 1.45647  
-1.39756 0.961755 0.751528 1.85852 1.28466 -0.527738 1.16095 1.81324  
-0.337004 1.30481 -0.540545 1.45583 0.419134 -1.46693 0.58653 1.63791  
-0.518059 -1.3973 -0.273057 1.51874 0.676428 1.41551 0.0155035 1.57246  
-1.43609 -0.471284 1.42289 2.07852 1.13605 0.612147 -0.153897 1.30391  
-0.726005 -1.40118 -0.718216 1.73706 0.797197 1.14636 0.139999 1.40728  
0.0242346 1.42775 -1.12311 1.81978 -0.29419 -1.58422 -0.599839 1.72258  
-1.35452 -0.307752 0.624648 1.52669 1.5921 0.18499 1.85517 2.45394  
-0.804362 1.10373 0.0292336 1.37012 1.47091 -0.579577 -1.49887 2.18111  
-1.28602 -1.14054 0.961925 1.9726 1.0231 0.646778 -0.307465 1.2533  
-1.83215 0.149314 1.52162 2.38863 1.18947 -0.645729 1.27919 1.86529  
1.3903 -0.573879 0.448424 1.57306 -1.64206 -0.0147281 0.520252 1.72581  
-1.48423 1.24701 -1.4697 2.43499 0.553841 -1.14789 -1.19029 1.7471  
1.59397 0.310384 0.120527 1.6318 -1.43059 -0.358041 0.375673 1.52548  
1.40693 0.224393 0.103594 1.43238 -1.33971 -0.443988 -1.19015 1.84921  
-0.213931 -1.40197 0.245739 1.4432 0.129435 1.23192 -1.39456 1.86825  
0.371413 -1.73022 0.959861 2.01596 0.234636 1.35603 0.568996 1.49291  
-0.180727 -1.52104 -0.468231 1.60519 0.315353 1.50313 -0.855705 1.76132  
-0.526568 1.45003 0.659868 1.68121 0.156939 -1.29636 -0.611818 1.44591  
-0.956892 0.915724 -1.50853 2.01023 1.16796 -0.773232 0.0931637 1.40779  
-0.172695 -1.13535 -1.04989 1.55958 0.521575 1.62273 0.193995 1.71875  
0.641126 -0.758414 -0.972346 1.39386 -0.898055 1.11437 0.955036 1.72383  
0.75118 -0.512789 -0.909792 1.29078 -1.38802 0.630626 1.06164 1.86079  
-1.55874 -0.237509 0.00641322 1.58028 1.38236 0.105658 -0.820144 1.61427  
0.34656 1.5974 1.52562 2.23841 -0.469365 -0.748603 -0.627173 1.08868  
-1.41973 -0.380573 0.68112 1.62344 1.19212 -0.175849 -0.977625 1.55531  
-1.26276 1.23711 -0.37182 1.80954 0.947121 -0.946269 -0.473658 1.42407  
-0.269829 -1.33498 -0.908846 1.64078 0.582071 1.54869 -0.205762 1.67055  
-0.254422 -1.96052 -1.77471 2.65878 0.0508059 1.06441 -0.13021 1.07873  
-0.533047 1.3612 -0.292975 1.49466 1.01916 -1.32553 -0.527065 1.75633  
-0.943487 1.60018 -2.1793 2.86553 0.590811 -1.15822 -1.35469 1.88066  
-1.93927 -0.250654 0.558516 2.03634 0.989155 0.643079 1.1079 1.62191  
0.516654 1.32116 1.05478 1.77091 -0.609985 -1.31829 0.0228191 1.45659  
-1.11102 -0.919263 -0.871833 1.68839 -0.151553 1.14717 1.23036 1.69231  
-1.35557 -0.121583 -0.621001 1.49972 1.63444 0.651975 -0.490369 1.82978  
0.125927 -1.47454 -0.0117025 1.48372 0.280191 1.60987 0.0998221 1.64052  
-0.338337 1.18341 0.615987 1.38041 0.135518 -1.95608 1.47143 2.45375  
0.712758 -0.95478 -0.479694 1.28876 -0.412452 1.29829 1.47732 2.01229  
0.697566 1.39308 0.517048 1.64492 -0.554002 -1.43301 0.530251 1.62873  
-1.22927 0.920583 0.0505038 1.54022 1.20859 -0.91105 0.447287 1.58175  
-0.772885 1.42227 0.302423 1.6501 1.07822 -1.04329 0.404593 1.55752  
-1.71751 0.40473 -0.905266 1.98603 1.06825 -0.819746 -0.155956 1.35964  
1.11321 0.0642887 0.976953 1.48626 -1.68891 0.385402 -0.263696 1.75546  
-1.48773 0.354638 -0.275502 1.55762 1.00124 -0.877598 1.13278 1.75129  
1.01443 -0.469748 0.468876 1.21686 -1.4316 0.695752 -1.15768 1.97102  
1.05516 1.12787 -1.31758 2.03289 -1.35239 -0.694136 -0.639982 1.65273  
1.65177 0.0381752 1.05213 1.96162 -1.4444 -0.0132666 0.822951 1.6658  
-0.969244 -0.110403 -0.690712 1.19995 1.50338 0.305052 1.32057 2.02689  
-0.876016 -0.753714 0.533836 1.27735 1.20329 0.816612 -1.25927 1.92657  
-0.486853 1.55713 -1.83198 2.4554 0.518885 -1.36601 -1.37617 2.01003  
1.14743 0.19865 -0.61193 1.31973 -1.23997 -0.364687 1.36068 1.87966  
0.301994 1.56822 0.687443 1.74191 -0.547993 -1.42676 0.645966 1.66264  
-1.20754 -0.154724 1.00602 1.58282 1.5184 0.30735 -0.371034 1.59651  
-0.331115 -1.11986 -1.03109 1.56142 -0.242442 1.50072 0.583697 1.63181  
0.220699 -1.43118 1.60837 2.1668 -0.25839 1.12829 -0.283869 1.19647  
1.30712 0.15797 0.495259 1.41066 -1.44808 0.215757 -0.939375 1.74272  
-0.196202 -1.18379 -0.725822 1.40636 0.99496 1.68551 -0.157749 1.96645  
-0.092808 1.29444 -0.267322 1.32922 0.627962 -1.78501 -0.506288 1.96165  
-1.10728 -1.25638 1.67185 2.36871 0.963309 0.733187 0.0675389 1.21707  
1.72401 0.249116 0.40689 1.79192 -1.34644 0.169155 0.851182 1.60536  
-0.208331 1.15845 -0.587106 1.31957 -0.133375 -1.53472 1.02946 1.85583  
0.10575 1.34177 1.45072 1.98174 0.0937147 -1.64846 0.639956 1.77395  
1.46047 0.871449 0.538261 1.78698 -1.39066 -0.343736 0.177392 1.44732  
-0.630593 -1.28089 1.56484 2.1209 0.18132 1.55482 0.54366 1.66044  
-1.04115 0.657331 0.907005 1.53294 0.84206 -1.25373 -0.598382 1.62792  
0.830803 -0.550547 -0.939022 1.37341 -0.993111 0.76209 1.21711 1.74916  
-1.27268 1.21026 -1.33462 2.20835 0.493651 -1.24819 -0.241859 1.36797  
0.516394 -1.34696 -0.551565 1.54802 -0.824243 1.44136 -0.248094 1.68214  
0.0842283 -1.68314 1.58236 2.3141 -0.708051 1.30815 1.4252 2.06275  
-1.13448 0.637827 -1.0199 1.65687 1.28568 -1.13059 -0.209233 1.72805  
-1.36276 -0.166778 -0.368849 1.42553 1.31234 0.225203 1.19572 1.79272  
-0.487185 -1.70887 -1.25505 2.17805 -0.182645 1.38054 -1.35947 1.94899  
0.899853 1.10376 -1.57697 2.12744 -0.871857 -1.0414 -0.027648 1.36256  
0.00871185 -1.47661 0.0452923 1.4811 -0.000913533 1.47081 -0.841196 1.69766  
1.35694 0.565872 0.87566 1.71448 -1.66777 0.0477046 0.466485 1.73566  
-0.907501 1.46237 0.108495 1.72772 0.825253 -1.01111 -0.537361 1.41538  
-0.593284 1.35077 -1.61567 2.19046 0.0812678 -1.21688 0.198031 1.24007  
0.483234 1.79047 -0.764289 2.00863 0.0536016 -1.09085 0.556672 1.2304  
-1.14132 0.419142 0.34535 1.26835 1.76093 -0.477513 1.60459 2.43203  
-1.41222 -0.902722 -0.288367 1.70399 1.03709 0.735905 0.671272 1.44183  
0.60683 1.48347 0.507483 1.68453 -0.380279 -1.30331 -0.367659 1.41052  
-0.252374 1.36064 -0.303004 1.42057 0.0520495 -1.57308 0.623656 1.69629  
0.252373 -1.28016 -0.43401 1.37914 -0.74971 1.59996 -1.43448 2.27834  
1.3547 1.09137 -0.0775169 1.74456 -0.924456 -0.607431 -1.23673 1.66261  
1.19756 -0.781076 -0.300593 1.46484 -0.964041 1.16567 -1.51293 2.14203  
1.28179 -0.211133 -0.51682 1.40208 -1.25206 0.760434 1.02865 1.7931  
1.28695 0.170625 0.833438 1.54633 -1.3534 -0.394178 -0.686391 1.57142  
0.0790237 -1.279 -1.25808 1.79889 0.233993 1.40477 0.344285 1.46895  
0.843104 1.29859 1.53478 2.18263 -0.639721 -1.40658 1.21445 1.96819  
1.20983 0.271638 -0.113351 1.2496 -1.16453 -1.03315 1.70711 2.31277  
-0.910747 0.697976 0.6646 1.33022 0.68461 -1.12046 -1.30923 1.85725  
0.400192 1.42144 -0.65412 1.61854 -0.157433 -1.6251 -0.681622 1.77243  
-0.886131 -1.25135 1.56209 2.19144 0.9146 1.24236 1.5628 2.19851  
-1.00241 -1.05891 -1.40918 2.03053 1.03099 0.927993 -0.0260033 1.39138  
1.50812 0.89188 0.897785 1.97156 -1.41093 -0.0772463 0.451972 1.48732  
1.40628 -0.0659154 0.71231 1.5813 -1.55643 -0.677614 -0.00353731 1.70083  
1.35439 0.996607 0.0699852 1.68632 -1.21928 -0.614415 0.725092 1.54954  
-1.45577 -0.601479 0.654949 1.70914 1.1834 0.937466 0.283991 1.53984  
-1.53095 -0.796233 1.29393 2.15945 1.39817 0.172938 1.06601 1.76984  
-1.50087 0.761214 1.19803 2.06845 1.00414 -0.993429 0.578181 1.52992  
-0.800736 -0.668478 0.484092 1.15479 1.14929 0.894927 -1.61428 2.17688  
-0.353585 -1.35558 1.14627 1.81321 0.467586 1.50445 0.291255 1.60562  
1.37364 -0.849413 -0.748777 1.78332 -1.35801 0.425865 0.0686744 1.42879  
-1.37416 0.328741 0.207831 1.43204 1.6602 -0.286122 0.0298782 1.68825  
-0.590027 -1.21157 -1.55869 2.06318 1.07758 1.40777 -2.07014 2.72757  
-0.704307 0.489712 0.816657 1.1891 0.539456 -1.34843 -1.51039 2.09803  
-0.861947 0.828567 -1.12656 1.64614 0.736598 -0.938267 0.828378 1.45612  
1.16057 1.31064 -0.671114 1.87783 -0.714066 -1.12312 -0.0869572 1.33791  
-0.488555 -1.35853 0.412856 1.50529 0.56436 1.50518 0.0241099 1.61115  
-0.428221 -1.31354 -1.56958 2.09368 0.998924 1.35424 -0.867283 1.89609  
-0.839556 -1.87654 1.24821 2.40737 0.457608 1.06601 0.538974 1.28353  
0.780629 -1.39119 0.652378 1.72672 -0.630359 0.935485 -0.830211 1.4046  
-0.0652047 -1.59778 -0.472678 1.67085 0.523595 1.39178 -0.0527286 1.49169  
-1.143 1.24031 0.262091 1.71017 1.10045 -0.888787 -0.149265 1.42632  
-0.900067 -1.21275 0.839682 1.73122 0.960303 1.17997 0.306191 1.55545  
-0.574205 -0.843314 -0.98706 1.4235 0.928499 0.727113 1.19541 1.68255  
1.112 -0.275416 0.325878 1.19572 -1.46423 1.0664 -1.04474 2.09376  
0.171715 -1.40669 1.6647 2.18876 -0.262822 1.39187 0.232642 1.43933  
-0.203922 -1.77837 -0.771091 1.9519 0.162233 1.32728 -0.511455 1.43553  
-0.754229 1.36034 -0.592065 1.66766 0.993243 -1.07448 0.126953 1.47252  
1.25622 0.110971 -1.05233 1.64589 -1.21539 0.055326 0.817305 1.46948  
1.57631 -0.495945 -0.275022 1.67855 -1.22557 0.793949 0.0956079 1.4672  
-0.799441 -0.108262 0.781351 1.12805 1.46647 -0.00110357 -1.55805 2.14225  
-0.047368 1.40852 1.49338 2.05609 -0.0363823 -1.38209 0.0499216 1.3875  
1.37946 0.953192 0.821787 1.87029 -1.17364 -0.772265 0.54004 1.50885  
1.01474 0.627357 -0.2899 1.23227 -1.27592 -0.787008 1.45356 2.09078  
-1.62007 1.14956 2.22709 2.98617 0.749281 -0.997149 1.3505 1.8414  
-0.119935 -1.42981 0.183519 1.45037 0.230635 1.49018 -0.795101 1.70797  
-0.0212326 1.24994 -0.104682 1.25894 -0.160422 -1.53144 1.53673 2.17801  
0.0349472 1.4874 -1.13364 1.87347 -0.00737774 -1.58459 -1.37987 2.10385  
0.296666 1.41578 -1.09481 1.8172 -0.142557 -1.50845 -0.0890664 1.52146  
1.26012 1.05975 0.0789046 1.65178 -0.994125 -1.0321 -0.337535 1.47601  
-1.34246 -0.197883 1.07695 1.73561 1.46851 0.960221 0.571147 1.84822  
-0.662923 1.31367 -1.51618 2.11546 -0.00901356 -1.63692 -0.822384 1.83496  
-0.9229 1.49411 -0.398568 1.80392 0.942295 -0.95226 -0.739805 1.53401  
-0.035598 1.46668 1.70898 2.25482 0.864303 -1.17775 0.202449 1.4786  
1.48773 0.976599 -0.692994 1.91272 -0.616402 -0.803352 0.838886 1.31917  
0.439831 1.3848 -1.67792 2.22209 -0.375221 -1.58046 -1.47158 2.19439  
0.696696 1.04222 -1.15394 1.70715 -1.41454 -0.739737 0.275122 1.62327  
1.64082 0.142494 -0.805622 1.83651 -1.41898 -0.440389 -0.767763 1.67573  
0.621835 -1.321 0.395056 1.51623 -0.566111 1.54162 0.760636 1.81295  
-0.878771 -1.0429 1.59387 2.10035 0.0475623 1.44493 -0.0821407 1.45189  
-1.13695 1.42141 -2.11836 2.79494 0.834647 -0.890394 -0.630742 1.37784  
1.18334 -1.09324 -0.252494 1.63413 -1.16733 0.622065 -1.26358 1.83233  
0.726908 -1.05215 -0.679987 1.45223 -1.14923 1.4033 -1.52561 2.37247  
1.24405 -0.115153 -0.378522 1.30972 -1.67944 0.0350211 0.759657 1.84662  
1.40072 0.791979 -0.405804 1.66286 -1.25005 -0.706424 -0.849038 1.67143  
0.205746 -1.29733 -1.33536 1.8761 -0.351838 1.76656 -1.33659 2.24548  
-1.46979 -0.497978 1.10543 1.90825 1.52212 0.037253 0.514392 1.61059  
0.694947 -0.962165 -1.17088 1.67058 -0.838635 0.74456 0.914446 1.45088  
-0.985639 -1.44244 0.68992 1.88129 0.943774 0.975867 0.810041 1.58441  
1.50859 -0.196603 -0.597529 1.6379 -1.52763 0.418444 -0.407256 1.63883  
-1.22892 -0.545905 -0.53478 1.451 0.856076 0.808077 1.29104 1.75037  
-1.34152 0.0885666 -0.0423388 1.34925 1.78167 -0.0162855 0.198931 1.79593  
-1.11114 -1.20966 -0.24199 1.66362 1.41022 0.443353 -1.0226 1.8006  
-0.66388 1.08431 -0.944057 1.5871 0.328824 -1.27652 0.82049 1.55628  
1.05162 0.265701 -1.02226 1.49422 -1.40287 -0.176965 0.811405 1.63368  
-1.16366 -1.02335 0.449172 1.61687 1.01168 1.16687 0.155021 1.55572  
-0.640874 -1.10199 -0.280443 1.30955 1.1352 1.21736 -1.8116 2.46246  
1.22756 1.19619 0.328942 1.74847 -1.20374 -0.532522 -0.490762 1.40875  
-0.050672 1.65449 -0.95732 1.91508 -0.0318907 -1.39592 -0.364078 1.44683  
-1.67976 0.104565 -1.03432 1.97826 1.4144 -0.110815 -0.824371 1.64425  
-0.699241 -1.59267 0.816457 1.9244 0.0624507 1.30889 1.49345 1.98964  
-1.29186 -0.552535 -0.721509 1.58301 1.45675 0.745345 -0.0991168 1.64276  
1.31095 -0.364248 0.755115 1.55969 -1.57612 0.1325 -0.198318 1.59756  
1.49449 -0.358188 -0.0765441 1.54234 -1.4526 0.25191 -0.759794 1.66191  
-1.38918 1.03685 -0.115678 1.74052 0.761292 -1.11127 -0.663893 1.50546  
0.667501 -1.19776 -1.05057 1.73062 -0.711016 1.013 0.627109 1.39145  
-0.742798 -1.30319 -0.480897 1.57876 0.817668 1.36002 -0.387228 1.63687  
0.627578 -1.53681 -0.425382 1.7169 -1.01142 1.04698 -0.0312112 1.45989  
1.11296 1.24841 -1.89124 2.52689 -1.29206 -0.328134 -0.298127 1.37009  
-0.959284 0.832541 0.65478 1.43292 0.946781 -0.888245 -1.09446 1.70129  
-0.805113 -1.29707 1.25309 1.97788 1.08145 1.16226 1.52509 2.20396  
-1.36898 -0.127383 0.940964 1.6694 1.24064 0.638903 -0.514954 1.49122  
-0.748427 1.20851 -0.412157 1.4838 0.983436 -1.33874 0.0589772 1.66554  
-0.547587 -1.68408 0.154872 1.78077 0.566686 1.10955 0.912501 1.54792  
-1.62174 0.061154 -0.215059 1.64049 1.35074 -0.439045 0.55513 1.52859  
-1.1493 -1.04197 0.298632 1.58333 1.15295 0.932401 1.03582 1.81184  
-1.21886 -0.978774 -1.39496 2.09778 0.922292 1.0715 -0.344813 1.45904  
-1.40487 -0.220471 -0.127262 1.43165 1.4348 0.641873 0.778686 1.75732  
-1.34776 0.0919246 0.616899 1.48884 1.34419 -0.519755 -0.74118 1.62404  
1.27024 -0.812536 -0.455357 1.57868 -1.14088 0.967911 -1.23206 1.94103  
0.354494 1.44624 -0.301215 1.52288 0.142681 -1.58103 0.227978 1.60722  
1.60504 0.722344 -1.69114 2.44316 -1.34672 -0.137125 -0.75642 1.55428  
1.03171 1.26812 1.39344 2.15067 -1.06213 -1.02537 1.22948 1.92413  
1.43885 -0.0958989 -0.390422 1.49769 -1.59151 0.396677 -0.840628 1.8461  
-1.43883 0.0351997 0.656004 1.58524 1.57556 -0.555478 0.238379 1.69084  
-0.508553 -1.43545 -0.952166 1.79915 0.14749 1.58642 -1.39676 2.12146  
1.3676 -0.138332 1.588 2.10294 -1.59872 -0.341167 0.634323 1.75665  
1.31413 -0.93031 0.501819 1.68979 -1.19728 0.642605 -0.460844 1.43874  
1.20999 1.12566 1.84011 2.47555 -0.446145 -1.15304 0.0903336 1.24413  
1.29342 1.32021 0.755907 1.99961 -0.90954 -0.892907 0.784985 1.50064  
1.25728 0.873735 0.115401 1.53904 -1.11585 -0.964495 0.953402 1.75941  
0.449784 -1.09075 -0.115932 1.19023 -0.856809 1.53926 -1.67449 2.4328  
-1.08846 0.775507 -0.392224 1.39684 1.14429 -0.555949 1.36493 1.86887  
1.27502 0.20152 0.107129 1.29959 -1.75125 -0.285695 0.77668 1.93982  
-1.2275 -0.545114 1.03611 1.69959 1.70953 0.470825 1.03175 2.05423  
0.0982911 1.41844 0.68047 1.57982 0.503172 -1.62957 1.49182 2.26834  
-1.11899 -0.59907 -0.205614 1.29014 1.40179 0.495613 1.33564 2.00144  
1.43724 0.544544 -1.5368 2.17603 -1.4591 -0.483892 -1.03621 1.85688  
1.13759 -1.32982 -0.087492 1.75538 -1.27559 0.448306 0.682765 1.51837  
-0.946093 -1.56163 -0.618028 1.93052 0.499025 1.18885 -0.226999 1.31342  
1.01566 -0.964769 -1.07505 1.76897 -0.759724 1.32632 0.0264504 1.53237  
-1.30152 -0.0116762 0.473987 1.38921 1.69941 -0.16299 -0.346299 1.74518  
-1.42379 -0.180477 1.16222 1.84978 1.64841 -0.703136 1.18421 2.15062  
-1.10373 -0.596568 -0.177505 1.27153 1.25363 1.29117 -1.26663 2.20323  
0.659476 -1.34257 -1.10639 1.86351 -0.301478 1.59616 -1.01967 1.92081  
1.32198 -0.873721 0.576785 1.68963 -1.0421 0.126337 -1.12193 1.54007  
1.43713 0.356866 0.286684 1.51197 -1.46732 -0.519121 -0.227488 1.57652  
-1.49416 -0.448267 0.8169 1.76407 1.17929 0.511522 -0.490877 1.38004  
-1.00751 0.912755 0.0988352 1.36716 0.882643 -1.22332 -1.26217 1.96972  
-0.577137 -0.80907 -0.703143 1.22199 0.345517 1.32755 1.45871 2.00519  
-1.26812 -1.02788 0.945197 1.88924 1.22167 0.5773 -0.0281004 1.35562  
-0.979874 1.20711 1.77965 2.3655 0.646615 -1.25661 0.539712 1.51645  
0.155009 1.32438 -0.802922 1.56008 -0.146415 -1.38027 0.658658 1.53999  
-1.66399 -0.336719 -1.60801 2.34075 1.26392 0.51459 -0.736789 1.55445  
0.884589 1.20657 -0.138417 1.5062 -0.600873 -1.42802 0.527378 1.63999  
-0.171433 -1.29159 1.10376 1.71086 0.257534 1.18087 -0.74654 1.42452  
0.103561 1.40942 -0.231129 1.43589 -0.607378 -1.59497 -0.682179 1.84102  
1.0799 -0.777355 0.735247 1.52388 -0.718424 1.32619 -0.624097 1.63572  
-0.746582 1.77167 -0.414534 1.96957 0.586938 -0.9645 0.436878 1.21523  
-1.0931 0.830765 0.614613 1.50796 1.27087 -1.0798 1.4295 2.19903  
0.260742 1.49062 0.452764 1.58306 -0.183072 -1.55403 0.823531 1.77141  
-1.10783 -1.58091 -1.99734 2.77977 0.685814 1.03048 -1.40796 1.8777  
0.935544 -1.19263 -0.569538 1.6227 -1.68029 0.459505 -0.967876 1.99561  
0.967447 -1.58359 0.0282041 1.85894 -0.599862 1.00092 -0.705812 1.36785  
-1.33577 0.358057 0.525204 1.48307 1.62743 -0.608071 0.292007 1.76485  
-1.36128 0.861275 -0.522246 1.6967 1.22847 -0.829953 -0.7331 1.65727  
-1.52676 -0.278611 -1.27858 2.01359 1.5054 0.108123 -1.72395 2.29371  
-1.40785 -1.12105 1.62803 2.42908 0.486007 1.32768 1.14325 1.8213  
-1.27804 -0.623347 -1.10564 1.80431 1.37948 0.932931 -1.64546 2.34351  
0.509524 1.50501 -0.395102 1.64071 -0.693389 -1.27521 0.246183 1.47605  
1.56232 0.2392 1.23589 2.00914 -1.23057 -0.519655 -0.0733063 1.34197  
0.692537 -1.08636 -1.32359 1.85009 -0.920917 1.37946 -0.41698 1.71349  
-0.300363 1.29626 -1.23651 1.81951 0.0336996 -1.78338 -2.04087 2.71254  
1.25342 0.34884 -1.05996 1.6815 -1.20035 0.0873209 0.836555 1.46951  
-0.177613 -1.63227 0.497876 1.71898 0.392229 1.39044 0.682866 1.60145  
1.26617 0.142685 0.0736427 1.28068 -1.79398 0.178301 0.848838 1.99546  
0.54814 1.04784 0.842383 1.45575 -1.02152 -1.74838 1.02302 2.27114  
0.559234 1.06434 0.489392 1.30239 -0.635616 -1.26108 -1.26205 1.89691  
0.597203 1.19138 -0.805674 1.56087 -1.09388 -0.731113 0.894083 1.59425  
0.984838 1.01577 -0.339643 1.45884 -0.973127 -1.31122 0.302976 1.6641  
-1.8242 0.309877 -0.96987 2.09178 0.992459 -0.687042 0.162397 1.22251  
1.23225 0.289882 -0.0442687 1.27106 -1.3815 -0.956848 1.32346 2.14168  
-1.85699 0.473177 -0.0657413 1.92036 1.20765 -0.196677 0.311253 1.26694  
-1.59714 -1.05308 -0.838492 2.09143 1.17378 0.358363 -1.19403 1.71553  
1.58192 0.545282 -1.12593 2.01958 -1.01878 -0.499147 0.427414 1.21693  
0.808842 -1.05976 1.31328 1.87435 -1.25472 1.29539 1.29691 2.22385  
0.694463 1.43877 -0.0857831 1.60339 -0.868754 -1.22156 0.225108 1.51947  
-1.13383 0.593334 1.30338 1.82964 1.70028 -0.547531 0.906082 2.00571  
1.45488 -0.00372962 -0.203483 1.47284 -1.31495 0.617998 -1.57763 2.14735  
0.845107 -0.531939 1.07511 1.47112 -1.41454 0.618357 -0.725513 1.70904  
0.418422 1.3567 0.760807 1.61422 0.173653 -1.43311 -0.55422 1.54993  
0.407951 1.04354 0.130563 1.13297 0.0546412 -1.87426 1.95166 2.7085  
-1.57771 0.258046 -1.64774 2.29825 1.43569 0.0830418 -0.783337 1.641  
0.893722 1.23574 -0.782083 1.71715 -0.922632 -0.7721 0.708657 1.40027  
0.455842 -1.37403 -0.977375 1.74991 -0.664452 1.50494 -1.23902 2.0622  
0.0131314 -1.38969 -1.05505 1.74806 -0.0447077 1.44655 0.232674 1.46963  
0.148565 -1.47396 0.0428379 1.48581 -0.0962953 1.29141 -1.33918 1.8659  
-1.08564 -1.31379 0.654008 1.82854 0.668808 1.22474 0.565863 1.50952  
-0.0155172 -1.51366 -0.527061 1.60635 0.430876 1.55332 -0.548255 1.70593  
1.22661 0.50634 1.17827 1.77776 -0.856481 -0.291511 -0.993839 1.34812  
-1.57151 -0.0531218 -0.803465 1.76895 1.36827 -0.136157 0.200678 1.39361  
0.942377 -0.676689 0.416966 1.23734 -0.962441 1.70365 2.07167 2.85161  
0.78952 -1.12611 -0.637828 1.51969 -0.536083 1.36184 0.589687 1.58142  
1.09021 0.947717 -1.11906 1.83035 -0.882642 -0.76194 0.625605 1.32746  
0.570272 1.26837 -1.20707 1.84449 -0.903913 -1.46656 -1.55958 2.32622  
0.204465 -1.12768 -0.69735 1.34571 0.25338 1.64957 0.686719 1.80777  
-0.911395 -1.23805 -1.06986 1.87595 1.17312 1.04292 -0.880193 1.80272  
1.20199 -0.885774 -0.865264 1.72894 -0.988351 1.0231 0.274955 1.4527  
0.730426 -1.11094 -1.4335 1.95801 -1.12488 1.23221 -0.549647 1.75982  
-0.200529 1.34289 -1.32619 1.90092 0.0306621 -1.78527 -1.88357 2.59752  
1.50069 -0.645804 -1.09824 1.9714 -1.31514 -0.184535 0.239579 1.35359  
-1.02065 -1.43381 0.877334 1.96937 0.679689 1.11959 1.21808 1.79174  
1.39592 -0.365812 0.800132 1.65342 -1.32488 0.409484 -0.426817 1.45476  
1.33016 1.01955 -0.58542 1.77839 -0.866136 -0.793534 0.654085 1.34866  
1.04653 0.920563 -0.258856 1.42156 -1.51297 -0.864922 -0.419373 1.79561  
-1.21507 1.02539 0.942996 1.85155 1.2816 -0.396264 -0.251989 1.36901  
-0.10851 1.39058 -0.960477 1.69681 0.254578 -0.932575 1.03378 1.41929  
1.04144 0.0615272 -0.507541 1.16497 -1.57523 0.809415 1.29694 2.19766  
-0.762355 0.745864 1.06545 1.51124 1.28972 -0.386438 -0.961001 1.65753  
0.835762 1.43834 1.35023 2.14514 -0.8131 -1.17626 1.48124 2.06154  
-0.0857892 -1.27701 1.29713 1.82533 0.0615223 1.46112 -0.153427 1.47423  
-1.21566 -1.11296 0.372311 1.69301 1.10558 0.934609 0.446191 1.51857  
1.43769 0.51992 0.783745 1.72125 -1.31165 -0.0393309 -0.52409 1.41697  
0.29313 -1.71929 0.0105439 1.74733 -0.6524 1.20364 0.379151 1.42453  
-0.440023 -1.56784 -0.801917 1.81823 0.63944 1.1397 0.356078 1.35859  
-0.0174008 1.37745 -0.0874362 1.38437 0.181854 -1.60661 0.785735 1.80078  
-0.106359 1.48746 -0.710118 1.65508 -0.31697 -1.13066 0.947775 1.51271  
-0.680487 1.21426 0.81561 1.61675 0.708538 -1.08242 -0.715326 1.48206  
1.3223 -0.326894 1.02375 1.70721 -1.72992 0.0785791 0.682589 1.86437  
-1.62424 -0.131389 -1.75032 2.39378 1.41726 0.364562 -1.17879 1.88208  
-0.921923 0.563235 0.130316 1.09331 1.58771 -0.675819 -1.83866 2.52376  
-0.913859 1.54041 2.10162 2.76333 0.319839 -1.28767 0.924547 1.6206  
1.01561 -1.43941 0.987924 2.0225 -0.463522 1.27022 0.227863 1.37528  
0.33322 1.43249 0.834817 1.69445 -0.17866 -1.60337 1.19492 2.0104  
1.38776 0.671644 0.659096 1.68005 -1.38674 -0.429981 1.68014 2.22305  
1.05939 0.788677 0.24195 1.34686 -1.34232 -0.635098 -1.1681 1.8923  
0.832951 -1.18745 -0.545656 1.5533 -1.10165 1.21283 -0.244567 1.65999  
-0.461315 1.42424 -1.27163 1.9671 0.426534 -0.925755 0.667958 1.22323  
0.238413 1.3663 0.556628 1.4982 -0.590936 -1.60449 1.2894 2.14413  
-1.32451 0.529802 0.917435 1.69937 1.35427 -0.937089 0.44686 1.70969  
1.14476 0.9054 -0.534457 1.55789 -0.692694 -0.924581 1.10978 1.60544  
0.369292 1.28772 1.32711 1.88865 -0.198502 -1.64673 0.521606 1.74194  
0.236351 -1.54153 0.51045 1.64435 -0.383193 1.36564 -0.346257 1.46385  
-0.944195 0.0966492 0.727254 1.20038 1.89751 -0.00815144 -0.714944 2.0305  
-1.15301 -0.182965 -0.603342 1.31837 1.38938 0.0555323 1.26359 1.88183  
-0.151052 -1.97538 0.147811 1.98946 -0.0594166 1.20125 0.437337 1.28412  
-0.484414 1.56508 1.14952 2.00417 0.155256 -1.44916 1.35581 1.99338  
-1.64719 0.224017 0.963013 1.92405 1.08208 0.514443 -0.599719 1.34401  
-0.586064 -1.30772 -0.043479 1.43759 0.557299 1.5647 -0.128455 1.66929  
1.17921 -0.82684 0.60915 1.5673 -1.15476 1.15235 1.29065 2.08286  
-0.341773 1.06218 -0.288504 1.15734 0.198252 -1.75375 1.21789 2.14694  
1.20726 0.671971 0.644638 1.52831 -1.57544 0.0690431 -0.554552 1.67495  
1.17626 0.915083 -0.277833 1.51964 -1.11343 -0.803294 0.842963 1.61455  
0.225929 1.47904 -1.49057 2.11461 -0.239872 -1.36317 -0.175942 1.39925  
0.7829 1.22151 1.23555 1.9086 -1.27894 -1.08442 0.966309 1.93819  
0.415788 1.7037 0.607169 1.85884 -0.144743 -1.26269 -0.258253 1.30123  
-0.991023 1.02708 -1.07441 1.78956 0.698441 -0.581229 0.984763 1.34409  
-0.762646 1.36384 0.487081 1.64015 0.587779 -1.30958 -0.355653 1.48261  
1.27435 1.07566 1.90098 2.53099 -1.24637 -0.715035 1.59993 2.15306  
1.04939 0.989656 1.0694 1.79873 -1.16124 -0.934104 0.0818238 1.49629  
-0.719466 0.901517 -0.436038 1.2376 0.841912 -1.38369 1.07949 1.94933  
1.05793 1.3484 1.65197 2.38276 -0.662132 -1.20025 0.702929 1.54412  
0.314982 1.71683 0.665119 1.8709 -0.733554 -1.11144 1.42179 1.95091  
1.24891 0.831751 0.679814 1.65073 -1.50298 -0.346968 -0.0453638 1.54679  
0.64002 -1.32859 -0.599804 1.59553 -0.492238 1.24655 0.683143 1.50799  
-1.13134 0.889175 0.402315 1.49786 1.42788 -0.837451 0.406302 1.70775  
-1.55334 0.514625 0.128751 1.64482 1.32226 0.0328031 -0.864707 1.58377  
0.954067 1.05598 -0.155416 1.4355 -0.922631 -1.38137 -0.766409 1.83248  
1.42818 0.0035502 0.360325 1.47672 -1.52658 -0.11836 1.541 2.17493  
-0.941217 0.573187 -0.690226 1.30461 2.26986 -0.151499 -1.13186 2.54313  
-0.779355 -1.3903 0.0794884 1.59932 0.174146 1.41006 -0.741909 1.6063  
-1.12789 -1.2475 -1.24369 2.09435 0.483976 1.3641 -1.38533 2.00632  
0.276158 1.04532 0.875689 1.39533 -0.355838 -1.2109 -1.13201 1.69868  
1.36163 -0.289598 0.0145828 1.39617 -1.45756 0.926507 0.681955 1.85987  
-0.0400559 -1.38675 1.50879 2.05239 0.235747 1.69797 1.28164 2.143  
-1.21069 0.737071 -1.47256 2.04662 0.962919 -0.380478 0.614907 1.20882  
1.49318 -1.09373 -1.2935 2.26056 -1.3537 0.200587 -0.654446 1.52059  
1.39803 0.469334 -1.16824 1.88433 -1.28926 -0.122588 0.333447 1.34148  
-1.34928 0.70586 0.805 1.72568 1.48813 -0.393444 1.39449 2.07969  
-0.95328 1.03879 -1.43273 2.01289 0.985795 -0.91363 0.0820766 1.35071  
-1.23469 -0.269191 -0.723222 1.45984 1.60306 0.260879 0.451982 1.68917  
0.0722615 -1.75305 -0.756723 1.91369 0.0411482 1.34894 -0.783717 1.5642  
0.950794 -0.197124 1.0529 1.43619 -1.24259 -0.0532819 -1.12647 1.68136  
1.11162 -0.244655 -0.630145 1.3053 -1.36249 -0.795826 1.25505 2.01892  
-0.988954 -0.985568 0.917538 1.67404 0.70367 1.03011 -0.754463 1.46173  
1.41864 -0.685787 1.21795 1.99434 -1.24188 0.852206 0.720473 1.67295  
-1.69688 0.348276 -0.454162 1.79391 1.29902 -0.428175 -0.0700681 1.37363  
0.717313 -1.06001 1.04046 1.65284 -1.52554 1.03599 0.506146 1.91517  
1.14833 1.01104 0.883979 1.77015 -1.19077 -0.983668 1.41415 2.09679  
0.412392 1.31478 -0.0679953 1.38365 -0.857135 -1.12926 1.5136 2.07655  
-0.815116 1.56901 0.230446 1.78619 0.53889 -1.1977 -0.173176 1.32892  
1.1978 -0.606489 -0.717339 1.52587 -1.64335 0.681364 -1.15158 2.12183  
0.835373 -0.973294 0.652705 1.44303 -1.01321 0.949289 -0.926308 1.67241  
0.358141 1.67463 -0.73904 1.86815 -0.157451 -1.20238 0.421983 1.28831  
-1.20703 1.32461 -1.22639 2.1741 0.380626 -1.26565 -0.238108 1.34707  
0.588919 -1.53231 -1.73086 2.38785 -0.792516 1.22203 -1.20515 1.89341  
1.24301 -0.0616291 0.998776 1.59925 -1.14701 -0.307244 -0.936605 1.51606  
-1.779 0.657568 -0.575263 1.98477 1.31807 0.594038 -0.275845 1.47562  
0.780566 -1.35677 -0.581091 1.673 -0.592122 1.21235 0.42701 1.41912  
0.823108 -1.03754 1.53143 2.02742 -1.24214 1.27429 1.81812 2.54626  
-1.51104 0.767023 -1.57975 2.31912 1.0373 -0.979845 -1.65432 2.18724  
1.61008 0.507022 0.869918 1.90193 -1.29096 -0.501482 0.417837 1.45045  
1.27957 -0.0304994 -0.11938 1.28982 -1.57189 0.170846 1.19967 1.98756  
-0.955978 1.04718 0.0976382 1.42519 0.979118 -1.1264 1.29166 1.97661  
1.37952 -0.66809 0.985951 1.82556 -1.08831 1.0962 1.7966 2.37171  
-1.1646 0.236956 -0.340389 1.24075 1.92292 -0.176123 -1.44644 2.41495  
-1.32813 0.514946 -0.427748 1.49105 1.281 -0.325322 1.04508 1.68824  
-1.55108 -0.150634 1.28564 2.02301 1.42197 -0.333024 0.367748 1.50974  
-0.0800665 1.35451 0.979172 1.67662 0.456827 -1.69054 0.913311 1.97786  
0.0136953 -1.07399 1.25713 1.65686 -0.0803206 1.46105 -0.47907 1.5433  
-0.140866 -1.42149 1.05529 1.77912 -0.0726794 1.61897 1.89216 2.49355  
1.23231 1.48277 -1.34688 2.35424 -0.890051 -0.859582 -1.19827 1.72571  
1.23141 0.256654 -0.772462 1.4799 -1.46546 -0.378624 0.640737 1.64701  
0.723299 -1.18865 -0.652809 1.54058 -0.862371 1.39419 -1.75605 2.40465  
1.25115 -0.45988 0.616008 1.47224 -1.53564 0.675178 1.79989 2.46269  
0.85361 -1.16458 -0.331933 1.48534 -0.847076 1.43642 -0.394569 1.71688  
0.0732373 1.3354 -0.121446 1.34706 0.247175 -1.55317 1.17539 1.96625  
-0.00966945 -1.48236 0.856125 1.71511 0.0271165 1.14227 -0.788134 1.39206  
1.4258 0.405326 -0.0361765 1.48649 -1.59588 -0.273145 -0.134893 1.62813  
-0.901805 -1.08523 -0.313248 1.44923 0.842681 1.07669 1.01671 1.70711  
0.564083 -1.26642 -0.266123 1.41563 -0.36539 1.34637 1.19599 1.84059  
-1.04356 -0.460624 0.126212 1.15251 1.77408 0.826428 -0.81564 2.12292  
0.817651 -1.43521 1.23299 2.06393 -0.781846 1.13346 0.257458 1.4048  
-1.5016 -0.343855 -0.901796 1.78814 1.30552 0.425346 0.233683 1.39681  
1.38787 0.0602511 0.26716 1.41857 -1.70064 0.231561 0.0932928 1.72211  
1.50809 -0.936607 -0.876004 1.98245 -1.28427 0.484245 -0.794109 1.58922  
0.946647 -1.46283 0.606613 1.84801 -1.17887 0.735529 1.13759 1.79889  
-0.523374 1.57569 -1.72832 2.39895 0.478519 -1.32534 -0.795538 1.62159  
-1.44696 -0.116049 -0.584884 1.56857 1.5579 -0.0147661 0.052738 1.56244  
1.01167 1.31351 0.828447 1.85641 -0.782586 -1.20877 0.944415 1.7253  
1.03105 1.16131 1.59172 2.22631 -0.93012 -0.776731 -0.0942073 1.22003  
0.930789 -0.631965 -0.609146 1.28373 -1.41144 0.933814 0.78204 1.86733  
1.02088 1.31385 -0.0982537 1.67009 -0.870721 -1.14381 -0.259281 1.46453  
0.518315 1.14875 1.07074 1.65708 -0.868142 -1.65219 1.27388 2.26215  
-0.801089 1.42997 -0.711076 1.78979 0.408205 -1.38763 -1.23487 1.90479  
-1.50021 -0.121176 0.0874974 1.51133 1.38052 0.377675 -0.893564 1.69059  
0.820576 -1.04942 0.288622 1.36715 -0.884997 0.940054 -1.47473 1.96288  
-1.77138 -0.429461 -0.311943 1.85221 1.31347 0.0282674 -0.183388 1.33071  
-1.49885 0.354298 0.359552 1.58509 1.17987 -0.89522 -0.50559 1.56853  
-0.737066 0.944401 1.37807 1.82904 1.4238 -1.38006 1.71929 2.62657  
-1.37276 -0.515088 -1.49685 2.09798 1.43731 0.821403 -1.52724 2.25481  
1.58205 0.545705 -1.20461 2.06469 -1.26266 -0.630649 -0.634288 1.55097  
0.900974 1.19561 0.125023 1.506 -0.836489 -1.03848 -1.19284 1.79226  
-1.56078 -0.752803 0.450513 1.79356 1.15197 0.735195 0.2717 1.39733  
0.80763 -1.59428 2.06009 2.72931 -0.753412 1.04952 0.819758 1.53372  
-0.189039 -1.64258 0.92937 1.89966 -0.429962 1.43963 0.489489 1.58372  
1.15652 -0.283531 -0.446114 1.27597 -1.31132 0.168118 1.53158 2.02601  
-1.1562 -0.50992 -0.893437 1.5512 1.06274 0.745425 0.886811 1.57565  
-0.706834 1.18471 1.04102 1.73148 0.867942 -1.02486 -0.501455 1.43746  
-0.980253 -1.12904 0.0530822 1.49987 0.669419 1.21519 -1.08061 1.76173  
0.740564 -1.81712 -1.35034 2.38431 -0.295602 1.17121 -1.11965 1.65042  
-1.46456 0.153785 -1.55943 2.14746 1.59322 -0.197815 -1.58537 2.25877  
-1.16791 0.255234 0.238673 1.22364 1.47547 -0.242217 -1.50921 2.1271  
0.883972 1.11961 0.628354 1.56235 -0.742683 -1.36808 1.69293 2.30226  
-1.51149 0.371497 -0.57656 1.66319 1.42744 0.02576 0.315091 1.46584  
-1.35025 0.91191 -1.0583 1.94574 1.0975 -0.967643 -1.36973 2.00703  
-1.45609 -1.04193 -1.9404 2.64237 1.19773 0.408956 -0.508057 1.36788  
1.09979 -0.655202 0.753794 1.48936 -1.79153 0.590678 1.3104 2.2993  
0.381118 1.51403 0.417632 1.6196 -0.771336 -1.31529 0.841417 1.74473  
0.206478 -1.53695 1.56155 2.20328 -0.26387 1.50514 1.43372 2.09804  
-0.601706 1.29342 1.28023 1.91967 0.542937 -0.834415 -0.744924 1.24784  
-0.728615 -1.59261 0.705385 1.89104 0.732705 0.982622 -0.394369 1.29193  
1.09777 -0.698975 -1.08815 1.69968 -1.18394 0.780653 0.383568 1.4729  
0.715819 1.41123 -0.973414 1.86082 -0.0396832 -1.34873 0.26137 1.37845  
-0.905626 1.13019 -1.10173 1.82276 1.13243 -0.882771 0.0985902 1.44311  
-1.68921 -0.108302 -0.873335 1.90763 1.35509 0.311253 -0.366843 1.44183  
-1.04985 -0.739544 -0.797846 1.51553 0.950055 1.01427 0.740957 1.57846  
-0.148956 -1.72375 1.67859 2.41295 0.409388 1.28517 0.723833 1.53439  
-1.21609 -0.414587 0.250249 1.31322 1.72273 -0.100277 -0.896802 1.94763  
-1.22283 0.731336 0.395012 1.48235 1.42407 -0.838741 0.19245 1.66723  
0.819918 1.47474 -0.599431 1.79377 -0.558746 -1.30183 -0.669362 1.5704  
-0.724429 -1.27738 0.312462 1.50509 0.841067 1.38913 0.414188 1.67922  
-0.992932 0.174654 -0.788588 1.28431 1.2222 -0.408537 1.38519 1.89489  
-0.625796 -1.02701 0.398221 1.27126 1.1004 1.55093 1.70016 2.55303  
0.553758 -1.10076 -0.913332 1.53742 -1.06612 1.62711 -1.19373 2.28479  
-1.40079 -0.37368 0.544774 1.55235 1.66029 -0.121315 1.0447 1.96821  
1.44237 -0.612547 -1.08117 1.90676 -1.0425 1.13497 -0.477758 1.6169  
-0.983427 0.989666 0.570664 1.51109 1.70347 -0.636086 0.668106 1.94009  
-0.804496 -0.894062 0.0641858 1.20907 0.873928 1.3287 -1.71868 2.34397  
-0.664921 -0.827213 -0.767534 1.31403 1.22895 0.818892 1.08184 1.8337  
-1.28781 1.16003 1.89774 2.5723 0.845137 -1.09041 1.16881 1.81122  
1.48781 0.365219 -0.409372 1.58925 -1.55122 -0.0822638 0.0887712 1.55952  
-0.705038 -1.15372 -1.05887 1.72062 0.877517 1.44236 -0.511787 1.76735  
1.41104 0.190276 -0.252413 1.44987 -1.36119 -0.288857 1.02496 1.73147  
-1.28258 0.44347 0.0409081 1.36181 1.48699 -0.903632 0.632616 1.85447  
-1.32871 -0.599914 -1.20748 1.89593 1.26281 0.0780168 0.451991 1.34768  
0.697372 1.5453 0.216704 1.71243 -0.0313441 -1.39984 -0.505955 1.49254  
-0.360639 -1.18957 -0.55832 1.36676 0.491709 1.84415 -1.46749 2.40985  
0.998238 -0.88879 -0.331788 1.38119 -0.942826 1.05451 1.1646 1.83531  
1.13077 -1.28234 -1.06572 2.01741 -0.899565 1.05866 -0.470792 1.47064  
0.895886 -0.815404 -1.01117 1.58149 -1.02378 1.48581 -0.157678 1.81433  
1.29836 0.977227 0.0655003 1.62977 -0.849712 -0.828542 1.32784 1.78404  
1.66568 -0.0328833 1.25853 2.09061 -1.3659 -0.253441 0.487188 1.47595  
1.01139 -1.05548 -0.429324 1.52723 -1.08555 0.766799 0.966612 1.64679  
0.248563 1.4576 1.28053 1.9589 -0.209532 -1.12392 -0.407526 1.21834  
0.861265 1.27559 1.06624 1.87535 -1.13635 -1.04156 1.38868 2.07743  
1.36605 -0.401131 0.118186 1.43253 -1.59162 0.543775 0.278368 1.7081  
1.29096 0.591697 -0.880882 1.67446 -1.35855 -0.72041 -0.0228199 1.54154  
0.0631283 1.35812 0.158363 1.37285 0.324615 -1.4719 1.64183 2.23129  
-0.8413 -0.92338 -1.18446 1.72468 1.58787 0.73934 -0.251202 1.77263  
-1.53711 -0.224877 0.291958 1.5842 1.31048 0.388406 1.38727 1.95036  
-0.0862612 1.17217 -1.0539 1.58218 0.500584 -1.20579 0.827393 1.54928  
-0.8092 1.0904 -1.37252 1.93359 0.860155 -1.18143 -0.0649421 1.46664  
1.37727 -0.835966 0.108816 1.61824 -1.18363 0.478129 1.20325 1.75743  
-0.177364 1.59543 0.79207 1.79315 0.202787 -1.3252 -0.271549 1.37193  
1.0489 1.08614 0.156094 1.52165 -0.472555 -1.54026 -0.518759 1.69587  
-0.556137 1.4425 1.56153 2.19992 0.392823 -0.989549 -0.401089 1.14261  
-0.358391 1.7977 -0.784066 1.99652 -0.217906 -1.3208 -0.912248 1.62338  
-0.343698 -1.27774 1.45562 1.96996 0.414859 1.65437 0.749508 1.866  
-0.60156 1.26002 -0.508708 1.48979 0.308048 -1.68743 -0.943254 1.96041  
-1.1464 -0.900507 1.27917 1.94231 1.48113 0.666543 0.772994 1.80186  
0.560748 1.03575 1.22154 1.70016 -0.932391 -1.34906 -0.0883898 1.64569  
-0.151719 -1.32066 -0.649546 1.48332 0.191554 1.45333 0.623261 1.5964  
-0.33366 1.65528 0.0341223 1.69222 0.348506 -1.18681 -0.991328 1.58867  
-0.945211 -0.959406 1.45082 1.9824 0.972413 0.896963 -0.26094 1.35255  
-1.43435 -0.43685 -0.677373 1.6487 1.28834 1.05694 -1.03328 1.96361  
1.2356 0.897108 0.93772 1.79499 -0.972381 -0.993715 -0.179517 1.40584  
-1.5259 0.420743 -0.213472 1.60067 1.29713 -0.509211 -1.10043 1.77875  
0.719033 1.114 0.164311 1.34021 -0.620859 -1.26854 -1.39781 1.9899  
1.4615 0.478366 -1.03231 1.85517 -1.61838 0.173727 -1.493 2.21123  
-0.493885 -1.69234 0.0740541 1.76765 0.543173 1.21641 -0.377876 1.38876  
-1.25945 -0.0328162 -0.751453 1.47076 1.10658 0.148954 1.22284 1.65928  
1.15379 0.809566 0.606596 1.5381 -1.25842 -1.11603 1.01804 1.96894  
-0.742487 -1.37172 0.552758 1.65819 0.199708 1.53298 0.953936 1.81963  
-0.659341 0.544052 0.961072 1.29056 0.976065 -0.768693 -1.37974 1.85969  
0.0365343 1.49592 -0.523777 1.5889 -0.169714 -1.49357 0.240807 1.52601  
1.05659 0.702449 0.526965 1.37792 -1.77879 0.14386 -0.700668 1.92013  
-1.42409 0.415733 1.35898 2.01466 1.02775 -0.455977 -0.49183 1.23177  
-0.301438 -1.55321 -1.50452 2.18588 -0.122858 1.3899 -0.341661 1.44042  
1.05524 -0.742242 -0.0183649 1.29459 -1.65457 0.720596 -0.565591 1.89418  
-0.692792 1.07028 0.538458 1.38801 0.539147 -1.23622 -1.15799 1.78074  
0.939848 1.23781 1.30968 2.03517 -0.52096 -1.25409 0.0169267 1.3622  
-1.45545 -0.519591 0.573252 1.65169 1.41069 0.392193 1.47467 2.08079  
0.327613 -1.41848 0.24828 1.48062 -0.0711975 1.4991 -0.630787 1.63139  
-0.763031 1.46547 -1.08861 1.98143 0.762516 -1.21511 -0.841933 1.66671  
0.337627 1.44873 0.63908 1.62247 -0.0772273 -1.21038 -0.857274 1.48898  
1.34042 -0.717177 -0.280694 1.54952 -1.41511 0.591535 0.130512 1.54293  
1.27237 0.285594 -1.35805 1.88572 -1.0847 -0.701249 0.457933 1.37448  
0.0802275 -1.63081 -1.80221 2.43415 0.247712 1.2596 -0.194328 1.30264  
1.59261 0.75797 -1.59442 2.37997 -1.17435 -0.0586431 0.0188764 1.1807  
0.49032 1.25001 1.08665 1.73058 -0.0494313 -1.63303 0.0664882 1.63854  
-1.62173 -0.601625 -0.331 1.76428 1.10767 0.647212 0.546305 1.39837  
1.08522 -0.993177 -1.11738 1.85035 -1.29657 0.862106 -0.401564 1.61144  
1.28424 0.819088 -0.137925 1.53309 -0.818756 -1.12956 -1.42372 1.9961  
1.11838 -0.660555 0.809755 1.53427 -1.09466 1.55865 1.52055 2.43945  
-1.40408 0.557264 -1.32399 2.01149 1.37583 -0.735891 -1.12886 1.92871  
-0.287352 -1.55642 -0.488972 1.6599 0.392287 1.46169 -0.2961 1.54572  
-0.094326 1.41961 1.16906 1.84447 0.0798102 -1.42378 -0.134783 1.43626  
-1.16491 0.81615 -0.954148 1.71601 1.03043 -0.438487 0.864481 1.41864  
1.42247 0.116135 -0.251291 1.453 -1.50056 0.588429 0.743868 1.77832  
-1.49462 -0.179619 -0.92761 1.77138 1.57686 0.282478 -0.904041 1.84248  
